# rho_tor          rho_pol
# phi[-1]0.2182992590172404
  0.00000000e+00   0.00000000e+00
  1.80703256e-02   2.78531002e-02
  2.55999983e-02   3.93902320e-02
  3.13997092e-02   4.82429847e-02
  3.63018338e-02   5.57062004e-02
  4.06277498e-02   6.22814254e-02
  4.45420409e-02   6.82258832e-02
  4.81425913e-02   7.36923763e-02
  5.14934752e-02   7.87804641e-02
  5.46396003e-02   8.35593006e-02
  5.76141277e-02   8.80792365e-02
  6.04425522e-02   9.23782826e-02
  6.31449303e-02   9.64859693e-02
  6.57372275e-02   1.00425781e-01
  6.82323537e-02   1.04216758e-01
  7.06409162e-02   1.07874593e-01
  7.29717482e-02   1.11412401e-01
  7.52322908e-02   1.14841274e-01
  7.74288740e-02   1.18170696e-01
  7.95669284e-02   1.21408849e-01
  8.16511471e-02   1.24562851e-01
  8.36856137e-02   1.27638940e-01
  8.56739129e-02   1.30642620e-01
  8.76192218e-02   1.33578776e-01
  8.95243751e-02   1.36451766e-01
  9.13919142e-02   1.39265501e-01
  9.32241278e-02   1.42023501e-01
  9.50230858e-02   1.44728954e-01
  9.67906672e-02   1.47384753e-01
  9.85285837e-02   1.49993535e-01
  1.00238400e-01   1.52557713e-01
  1.01921550e-01   1.55079499e-01
  1.03579351e-01   1.57560928e-01
  1.05213020e-01   1.60003879e-01
  1.06823679e-01   1.62410087e-01
  1.08412368e-01   1.64781163e-01
  1.09980052e-01   1.67118601e-01
  1.11527628e-01   1.69423794e-01
  1.13055933e-01   1.71698041e-01
  1.14565747e-01   1.73942555e-01
  1.16057799e-01   1.76158473e-01
  1.17532774e-01   1.78346861e-01
  1.18991312e-01   1.80508720e-01
  1.20434018e-01   1.82644992e-01
  1.21861457e-01   1.84756565e-01
  1.23274168e-01   1.86844276e-01
  1.24672656e-01   1.88908917e-01
  1.26057400e-01   1.90951234e-01
  1.27428852e-01   1.92971939e-01
  1.28787444e-01   1.94971701e-01
  1.30133582e-01   1.96951160e-01
  1.31467655e-01   1.98910922e-01
  1.32790030e-01   2.00851562e-01
  1.34101059e-01   2.02773630e-01
  1.35401075e-01   2.04677650e-01
  1.36690398e-01   2.06564119e-01
  1.37969331e-01   2.08433516e-01
  1.39238165e-01   2.10286295e-01
  1.40497178e-01   2.12122891e-01
  1.41746635e-01   2.13943722e-01
  1.42986792e-01   2.15749186e-01
  1.44217891e-01   2.17539667e-01
  1.45440167e-01   2.19315530e-01
  1.46653844e-01   2.21077129e-01
  1.47859138e-01   2.22824802e-01
  1.49056254e-01   2.24558873e-01
  1.50245393e-01   2.26279656e-01
  1.51426746e-01   2.27987451e-01
  1.52600496e-01   2.29682548e-01
  1.53766821e-01   2.31365227e-01
  1.54925892e-01   2.33035755e-01
  1.56077873e-01   2.34694394e-01
  1.57222924e-01   2.36341392e-01
  1.58361196e-01   2.37976992e-01
  1.59492840e-01   2.39601428e-01
  1.60617996e-01   2.41214923e-01
  1.61736804e-01   2.42817698e-01
  1.62849396e-01   2.44409962e-01
  1.63955902e-01   2.45991920e-01
  1.65056447e-01   2.47563770e-01
  1.66151152e-01   2.49125702e-01
  1.67240133e-01   2.50677902e-01
  1.68323504e-01   2.52220549e-01
  1.69401375e-01   2.53753819e-01
  1.70473852e-01   2.55277880e-01
  1.71541038e-01   2.56792895e-01
  1.72603035e-01   2.58299025e-01
  1.73659939e-01   2.59796423e-01
  1.74711844e-01   2.61285240e-01
  1.75758844e-01   2.62765622e-01
  1.76801026e-01   2.64237709e-01
  1.77838477e-01   2.65701642e-01
  1.78871283e-01   2.67157552e-01
  1.79899524e-01   2.68605571e-01
  1.80923281e-01   2.70045825e-01
  1.81942631e-01   2.71478439e-01
  1.82957650e-01   2.72903533e-01
  1.83968411e-01   2.74321223e-01
  1.84974987e-01   2.75731624e-01
  1.85977446e-01   2.77134848e-01
  1.86975857e-01   2.78531002e-01
  1.87970286e-01   2.79920193e-01
  1.88960797e-01   2.81302523e-01
  1.89947455e-01   2.82678094e-01
  1.90930320e-01   2.84047003e-01
  1.91909452e-01   2.85409346e-01
  1.92884910e-01   2.86765218e-01
  1.93856751e-01   2.88114709e-01
  1.94825030e-01   2.89457908e-01
  1.95789802e-01   2.90794903e-01
  1.96751121e-01   2.92125779e-01
  1.97709038e-01   2.93450620e-01
  1.98663605e-01   2.94769505e-01
  1.99614869e-01   2.96082516e-01
  2.00562881e-01   2.97389730e-01
  2.01507688e-01   2.98691223e-01
  2.02449336e-01   2.99987070e-01
  2.03387870e-01   3.01277343e-01
  2.04323334e-01   3.02562113e-01
  2.05255773e-01   3.03841451e-01
  2.06185228e-01   3.05115425e-01
  2.07111741e-01   3.06384102e-01
  2.08035353e-01   3.07647547e-01
  2.08956104e-01   3.08905824e-01
  2.09874032e-01   3.10158997e-01
  2.10789177e-01   3.11407127e-01
  2.11701574e-01   3.12650274e-01
  2.12611262e-01   3.13888498e-01
  2.13518275e-01   3.15121856e-01
  2.14422650e-01   3.16350406e-01
  2.15324421e-01   3.17574203e-01
  2.16223621e-01   3.18793303e-01
  2.17120284e-01   3.20007758e-01
  2.18014442e-01   3.21217621e-01
  2.18906128e-01   3.22422945e-01
  2.19795373e-01   3.23623780e-01
  2.20682207e-01   3.24820175e-01
  2.21566660e-01   3.26012179e-01
  2.22448763e-01   3.27199841e-01
  2.23328545e-01   3.28383208e-01
  2.24206033e-01   3.29562326e-01
  2.25081256e-01   3.30737240e-01
  2.25954242e-01   3.31907995e-01
  2.26825017e-01   3.33074635e-01
  2.27693608e-01   3.34237202e-01
  2.28560041e-01   3.35395740e-01
  2.29424341e-01   3.36550290e-01
  2.30286535e-01   3.37700893e-01
  2.31146646e-01   3.38847588e-01
  2.32004699e-01   3.39990417e-01
  2.32860717e-01   3.41129416e-01
  2.33714725e-01   3.42264625e-01
  2.34566745e-01   3.43396082e-01
  2.35416799e-01   3.44523822e-01
  2.36264911e-01   3.45647883e-01
  2.37111103e-01   3.46768301e-01
  2.37955395e-01   3.47885110e-01
  2.38797808e-01   3.48998345e-01
  2.39638365e-01   3.50108041e-01
  2.40477085e-01   3.51214230e-01
  2.41313988e-01   3.52316946e-01
  2.42149095e-01   3.53416221e-01
  2.42982425e-01   3.54512088e-01
  2.43813997e-01   3.55604578e-01
  2.44643830e-01   3.56693722e-01
  2.45471943e-01   3.57779550e-01
  2.46298354e-01   3.58862093e-01
  2.47123082e-01   3.59941380e-01
  2.47946143e-01   3.61017440e-01
  2.48767556e-01   3.62090302e-01
  2.49587338e-01   3.63159995e-01
  2.50405505e-01   3.64226547e-01
  2.51222075e-01   3.65289984e-01
  2.52037064e-01   3.66350335e-01
  2.52850488e-01   3.67407625e-01
  2.53662363e-01   3.68461882e-01
  2.54472705e-01   3.69513130e-01
  2.55281530e-01   3.70561397e-01
  2.56088853e-01   3.71606706e-01
  2.56894688e-01   3.72649083e-01
  2.57699051e-01   3.73688552e-01
  2.58501957e-01   3.74725138e-01
  2.59303419e-01   3.75758865e-01
  2.60103452e-01   3.76789755e-01
  2.60902070e-01   3.77817833e-01
  2.61699288e-01   3.78843121e-01
  2.62495117e-01   3.79865641e-01
  2.63289573e-01   3.80885417e-01
  2.64082668e-01   3.81902469e-01
  2.64874415e-01   3.82916820e-01
  2.65664827e-01   3.83928491e-01
  2.66453917e-01   3.84937503e-01
  2.67241698e-01   3.85943877e-01
  2.68028181e-01   3.86947634e-01
  2.68813380e-01   3.87948794e-01
  2.69597305e-01   3.88947377e-01
  2.70379970e-01   3.89943403e-01
  2.71161385e-01   3.90936891e-01
  2.71941562e-01   3.91927860e-01
  2.72720513e-01   3.92916331e-01
  2.73498249e-01   3.93902320e-01
  2.74274780e-01   3.94885848e-01
  2.75050119e-01   3.95866933e-01
  2.75824276e-01   3.96845592e-01
  2.76597261e-01   3.97821843e-01
  2.77369085e-01   3.98795705e-01
  2.78139758e-01   3.99767194e-01
  2.78909292e-01   4.00736328e-01
  2.79677695e-01   4.01703124e-01
  2.80444978e-01   4.02667598e-01
  2.81211151e-01   4.03629768e-01
  2.81976223e-01   4.04589650e-01
  2.82740205e-01   4.05547260e-01
  2.83503105e-01   4.06502614e-01
  2.84264934e-01   4.07455728e-01
  2.85025700e-01   4.08406618e-01
  2.85785412e-01   4.09355299e-01
  2.86544081e-01   4.10301787e-01
  2.87301714e-01   4.11246096e-01
  2.88058320e-01   4.12188242e-01
  2.88813909e-01   4.13128239e-01
  2.89568489e-01   4.14066102e-01
  2.90322068e-01   4.15001846e-01
  2.91074655e-01   4.15935485e-01
  2.91826258e-01   4.16867032e-01
  2.92576886e-01   4.17796503e-01
  2.93326546e-01   4.18723910e-01
  2.94075247e-01   4.19649268e-01
  2.94822996e-01   4.20572590e-01
  2.95569802e-01   4.21493889e-01
  2.96315672e-01   4.22413179e-01
  2.97060614e-01   4.23330472e-01
  2.97804635e-01   4.24245783e-01
  2.98547743e-01   4.25159122e-01
  2.99289945e-01   4.26070504e-01
  3.00031249e-01   4.26979941e-01
  3.00771662e-01   4.27887444e-01
  3.01511191e-01   4.28793027e-01
  3.02249843e-01   4.29696701e-01
  3.02987625e-01   4.30598479e-01
  3.03724544e-01   4.31498373e-01
  3.04460608e-01   4.32396393e-01
  3.05195821e-01   4.33292552e-01
  3.05930192e-01   4.34186862e-01
  3.06663727e-01   4.35079333e-01
  3.07396433e-01   4.35969978e-01
  3.08128315e-01   4.36858806e-01
  3.08859381e-01   4.37745830e-01
  3.09589636e-01   4.38631060e-01
  3.10319087e-01   4.39514508e-01
  3.11047741e-01   4.40396182e-01
  3.11775602e-01   4.41276096e-01
  3.12502678e-01   4.42154258e-01
  3.13228975e-01   4.43030680e-01
  3.13954497e-01   4.43905371e-01
  3.14679252e-01   4.44778342e-01
  3.15403244e-01   4.45649603e-01
  3.16126480e-01   4.46519164e-01
  3.16848966e-01   4.47387035e-01
  3.17570706e-01   4.48253226e-01
  3.18291707e-01   4.49117746e-01
  3.19011974e-01   4.49980605e-01
  3.19731512e-01   4.50841812e-01
  3.20450327e-01   4.51701378e-01
  3.21168425e-01   4.52559311e-01
  3.21885809e-01   4.53415621e-01
  3.22602487e-01   4.54270317e-01
  3.23318462e-01   4.55123407e-01
  3.24033740e-01   4.55974902e-01
  3.24748326e-01   4.56824809e-01
  3.25462225e-01   4.57673138e-01
  3.26175442e-01   4.58519898e-01
  3.26887982e-01   4.59365096e-01
  3.27599850e-01   4.60208743e-01
  3.28311050e-01   4.61050845e-01
  3.29021588e-01   4.61891413e-01
  3.29731467e-01   4.62730453e-01
  3.30440694e-01   4.63567975e-01
  3.31149271e-01   4.64403987e-01
  3.31857205e-01   4.65238496e-01
  3.32564498e-01   4.66071511e-01
  3.33271157e-01   4.66903040e-01
  3.33977185e-01   4.67733090e-01
  3.34682587e-01   4.68561670e-01
  3.35387367e-01   4.69388788e-01
  3.36091529e-01   4.70214450e-01
  3.36795077e-01   4.71038665e-01
  3.37498017e-01   4.71861441e-01
  3.38200352e-01   4.72682784e-01
  3.38902086e-01   4.73502703e-01
  3.39603223e-01   4.74321205e-01
  3.40303767e-01   4.75138296e-01
  3.41003723e-01   4.75953985e-01
  3.41703094e-01   4.76768278e-01
  3.42401884e-01   4.77581183e-01
  3.43100098e-01   4.78392706e-01
  3.43797739e-01   4.79202855e-01
  3.44494810e-01   4.80011637e-01
  3.45191316e-01   4.80819058e-01
  3.45887261e-01   4.81625126e-01
  3.46582648e-01   4.82429847e-01
  3.47277481e-01   4.83233228e-01
  3.47971763e-01   4.84035275e-01
  3.48665498e-01   4.84835996e-01
  3.49358690e-01   4.85635396e-01
  3.50051342e-01   4.86433483e-01
  3.50743459e-01   4.87230262e-01
  3.51435042e-01   4.88025740e-01
  3.52126096e-01   4.88819924e-01
  3.52816624e-01   4.89612820e-01
  3.53506630e-01   4.90404434e-01
  3.54196117e-01   4.91194772e-01
  3.54885088e-01   4.91983840e-01
  3.55573546e-01   4.92771645e-01
  3.56261495e-01   4.93558193e-01
  3.56948938e-01   4.94343489e-01
  3.57635879e-01   4.95127539e-01
  3.58322319e-01   4.95910350e-01
  3.59008264e-01   4.96691927e-01
  3.59693715e-01   4.97472276e-01
  3.60378675e-01   4.98251403e-01
  3.61063149e-01   4.99029314e-01
  3.61747138e-01   4.99806014e-01
  3.62430646e-01   5.00581508e-01
  3.63113676e-01   5.01355803e-01
  3.63796231e-01   5.02128905e-01
  3.64478313e-01   5.02900817e-01
  3.65159926e-01   5.03671547e-01
  3.65841073e-01   5.04441099e-01
  3.66521756e-01   5.05209479e-01
  3.67201977e-01   5.05976692e-01
  3.67881741e-01   5.06742743e-01
  3.68561049e-01   5.07507638e-01
  3.69239905e-01   5.08271383e-01
  3.69918311e-01   5.09033981e-01
  3.70596269e-01   5.09795438e-01
  3.71273783e-01   5.10555760e-01
  3.71950855e-01   5.11314951e-01
  3.72627487e-01   5.12073017e-01
  3.73303682e-01   5.12829962e-01
  3.73979444e-01   5.13585791e-01
  3.74654773e-01   5.14340510e-01
  3.75329673e-01   5.15094122e-01
  3.76004146e-01   5.15846634e-01
  3.76678195e-01   5.16598050e-01
  3.77351822e-01   5.17348374e-01
  3.78025030e-01   5.18097612e-01
  3.78697820e-01   5.18845768e-01
  3.79370196e-01   5.19592847e-01
  3.80042159e-01   5.20338852e-01
  3.80713711e-01   5.21083790e-01
  3.81384856e-01   5.21827665e-01
  3.82055596e-01   5.22570480e-01
  3.82725932e-01   5.23312241e-01
  3.83395866e-01   5.24052953e-01
  3.84065402e-01   5.24792619e-01
  3.84734541e-01   5.25531243e-01
  3.85403286e-01   5.26268831e-01
  3.86071638e-01   5.27005387e-01
  3.86739599e-01   5.27740915e-01
  3.87407173e-01   5.28475419e-01
  3.88074360e-01   5.29208904e-01
  3.88741163e-01   5.29941373e-01
  3.89407584e-01   5.30672831e-01
  3.90073624e-01   5.31403283e-01
  3.90739287e-01   5.32132732e-01
  3.91404574e-01   5.32861182e-01
  3.92069486e-01   5.33588638e-01
  3.92734026e-01   5.34315104e-01
  3.93398196e-01   5.35040583e-01
  3.94061998e-01   5.35765079e-01
  3.94725433e-01   5.36488598e-01
  3.95388503e-01   5.37211142e-01
  3.96051211e-01   5.37932715e-01
  3.96713557e-01   5.38653322e-01
  3.97375545e-01   5.39372966e-01
  3.98037175e-01   5.40091651e-01
  3.98698449e-01   5.40809381e-01
  3.99359369e-01   5.41526160e-01
  4.00019938e-01   5.42241991e-01
  4.00680156e-01   5.42956879e-01
  4.01340025e-01   5.43670826e-01
  4.01999548e-01   5.44383838e-01
  4.02658725e-01   5.45095916e-01
  4.03317559e-01   5.45807066e-01
  4.03976050e-01   5.46517290e-01
  4.04634201e-01   5.47226592e-01
  4.05292014e-01   5.47934977e-01
  4.05949489e-01   5.48642446e-01
  4.06606628e-01   5.49349005e-01
  4.07263434e-01   5.50054656e-01
  4.07919907e-01   5.50759402e-01
  4.08576049e-01   5.51463249e-01
  4.09231862e-01   5.52166198e-01
  4.09887347e-01   5.52868253e-01
  4.10542505e-01   5.53569418e-01
  4.11197338e-01   5.54269695e-01
  4.11851848e-01   5.54969090e-01
  4.12506036e-01   5.55667604e-01
  4.13159903e-01   5.56365241e-01
  4.13813451e-01   5.57062004e-01
  4.14466681e-01   5.57757897e-01
  4.15119595e-01   5.58452922e-01
  4.15772194e-01   5.59147084e-01
  4.16424479e-01   5.59840385e-01
  4.17076451e-01   5.60532829e-01
  4.17728113e-01   5.61224418e-01
  4.18379465e-01   5.61915156e-01
  4.19030508e-01   5.62605046e-01
  4.19681245e-01   5.63294091e-01
  4.20331675e-01   5.63982294e-01
  4.20981802e-01   5.64669658e-01
  4.21631624e-01   5.65356187e-01
  4.22281145e-01   5.66041883e-01
  4.22930365e-01   5.66726750e-01
  4.23579285e-01   5.67410789e-01
  4.24227907e-01   5.68094005e-01
  4.24876232e-01   5.68776401e-01
  4.25524261e-01   5.69457979e-01
  4.26171995e-01   5.70138742e-01
  4.26819435e-01   5.70818693e-01
  4.27466582e-01   5.71497835e-01
  4.28113439e-01   5.72176171e-01
  4.28760004e-01   5.72853703e-01
  4.29406281e-01   5.73530436e-01
  4.30052270e-01   5.74206370e-01
  4.30697971e-01   5.74881510e-01
  4.31343387e-01   5.75555858e-01
  4.31988518e-01   5.76229417e-01
  4.32633365e-01   5.76902190e-01
  4.33277929e-01   5.77574179e-01
  4.33922212e-01   5.78245386e-01
  4.34566213e-01   5.78915816e-01
  4.35209936e-01   5.79585470e-01
  4.35853379e-01   5.80254352e-01
  4.36496545e-01   5.80922463e-01
  4.37139434e-01   5.81589806e-01
  4.37782047e-01   5.82256385e-01
  4.38424385e-01   5.82922202e-01
  4.39066449e-01   5.83587259e-01
  4.39708241e-01   5.84251559e-01
  4.40349760e-01   5.84915104e-01
  4.40991009e-01   5.85577897e-01
  4.41631987e-01   5.86239942e-01
  4.42272696e-01   5.86901239e-01
  4.42913137e-01   5.87561792e-01
  4.43553310e-01   5.88221603e-01
  4.44193216e-01   5.88880675e-01
  4.44832857e-01   5.89539011e-01
  4.45472232e-01   5.90196612e-01
  4.46111344e-01   5.90853481e-01
  4.46750192e-01   5.91509620e-01
  4.47388778e-01   5.92165033e-01
  4.48027102e-01   5.92819721e-01
  4.48665165e-01   5.93473686e-01
  4.49302969e-01   5.94126932e-01
  4.49940513e-01   5.94779461e-01
  4.50577798e-01   5.95431274e-01
  4.51214826e-01   5.96082374e-01
  4.51851597e-01   5.96732765e-01
  4.52488111e-01   5.97382447e-01
  4.53124371e-01   5.98031423e-01
  4.53760375e-01   5.98679696e-01
  4.54396125e-01   5.99327267e-01
  4.55031622e-01   5.99974140e-01
  4.55666867e-01   6.00620315e-01
  4.56301860e-01   6.01265797e-01
  4.56936601e-01   6.01910586e-01
  4.57571092e-01   6.02554685e-01
  4.58205333e-01   6.03198097e-01
  4.58839325e-01   6.03840823e-01
  4.59473068e-01   6.04482865e-01
  4.60106563e-01   6.05124227e-01
  4.60739811e-01   6.05764909e-01
  4.61372813e-01   6.06404914e-01
  4.62005568e-01   6.07044245e-01
  4.62638079e-01   6.07682903e-01
  4.63270344e-01   6.08320890e-01
  4.63902365e-01   6.08958209e-01
  4.64534143e-01   6.09594862e-01
  4.65165678e-01   6.10230851e-01
  4.65796970e-01   6.10866177e-01
  4.66428021e-01   6.11500844e-01
  4.67058830e-01   6.12134852e-01
  4.67689399e-01   6.12768204e-01
  4.68319727e-01   6.13400902e-01
  4.68949816e-01   6.14032949e-01
  4.69579666e-01   6.14664345e-01
  4.70209277e-01   6.15295094e-01
  4.70838651e-01   6.15925197e-01
  4.71467787e-01   6.16554655e-01
  4.72096686e-01   6.17183472e-01
  4.72725348e-01   6.17811649e-01
  4.73353775e-01   6.18439188e-01
  4.73981966e-01   6.19066090e-01
  4.74609922e-01   6.19692358e-01
  4.75237644e-01   6.20317994e-01
  4.75865132e-01   6.20943000e-01
  4.76492386e-01   6.21567377e-01
  4.77119408e-01   6.22191128e-01
  4.77746196e-01   6.22814254e-01
  4.78372753e-01   6.23436757e-01
  4.78999078e-01   6.24058639e-01
  4.79625172e-01   6.24679903e-01
  4.80251036e-01   6.25300548e-01
  4.80876669e-01   6.25920579e-01
  4.81502072e-01   6.26539996e-01
  4.82127246e-01   6.27158801e-01
  4.82752191e-01   6.27776996e-01
  4.83376908e-01   6.28394583e-01
  4.84001396e-01   6.29011563e-01
  4.84625657e-01   6.29627939e-01
  4.85249690e-01   6.30243713e-01
  4.85873497e-01   6.30858885e-01
  4.86497077e-01   6.31473458e-01
  4.87120431e-01   6.32087433e-01
  4.87743559e-01   6.32700812e-01
  4.88366462e-01   6.33313598e-01
  4.88989141e-01   6.33925791e-01
  4.89611594e-01   6.34537393e-01
  4.90233824e-01   6.35148407e-01
  4.90855830e-01   6.35758833e-01
  4.91477612e-01   6.36368674e-01
  4.92099172e-01   6.36977931e-01
  4.92720508e-01   6.37586606e-01
  4.93341623e-01   6.38194700e-01
  4.93962515e-01   6.38802215e-01
  4.94583186e-01   6.39409153e-01
  4.95203635e-01   6.40015516e-01
  4.95823864e-01   6.40621304e-01
  4.96443872e-01   6.41226521e-01
  4.97063659e-01   6.41831166e-01
  4.97683227e-01   6.42435243e-01
  4.98302575e-01   6.43038752e-01
  4.98921703e-01   6.43641695e-01
  4.99540613e-01   6.44244074e-01
  5.00159304e-01   6.44845890e-01
  5.00777776e-01   6.45447145e-01
  5.01396031e-01   6.46047841e-01
  5.02014067e-01   6.46647978e-01
  5.02631886e-01   6.47247559e-01
  5.03249488e-01   6.47846585e-01
  5.03866873e-01   6.48445058e-01
  5.04484041e-01   6.49042979e-01
  5.05100993e-01   6.49640349e-01
  5.05717728e-01   6.50237171e-01
  5.06334248e-01   6.50833445e-01
  5.06950552e-01   6.51429174e-01
  5.07566641e-01   6.52024359e-01
  5.08182515e-01   6.52619000e-01
  5.08798174e-01   6.53213100e-01
  5.09413618e-01   6.53806661e-01
  5.10028848e-01   6.54399683e-01
  5.10643864e-01   6.54992168e-01
  5.11258666e-01   6.55584118e-01
  5.11873255e-01   6.56175533e-01
  5.12487630e-01   6.56766416e-01
  5.13101792e-01   6.57356768e-01
  5.13715741e-01   6.57946591e-01
  5.14329477e-01   6.58535885e-01
  5.14943001e-01   6.59124652e-01
  5.15556313e-01   6.59712893e-01
  5.16169413e-01   6.60300611e-01
  5.16782300e-01   6.60887806e-01
  5.17394976e-01   6.61474480e-01
  5.18007441e-01   6.62060633e-01
  5.18619695e-01   6.62646269e-01
  5.19231737e-01   6.63231387e-01
  5.19843569e-01   6.63815990e-01
  5.20455190e-01   6.64400078e-01
  5.21066600e-01   6.64983653e-01
  5.21677800e-01   6.65566716e-01
  5.22288791e-01   6.66149269e-01
  5.22899571e-01   6.66731313e-01
  5.23510141e-01   6.67312849e-01
  5.24120502e-01   6.67893880e-01
  5.24730653e-01   6.68474405e-01
  5.25340596e-01   6.69054426e-01
  5.25950329e-01   6.69633945e-01
  5.26559853e-01   6.70212962e-01
  5.27169168e-01   6.70791480e-01
  5.27778275e-01   6.71369500e-01
  5.28387173e-01   6.71947022e-01
  5.28995863e-01   6.72524048e-01
  5.29604344e-01   6.73100580e-01
  5.30212618e-01   6.73676618e-01
  5.30820683e-01   6.74252165e-01
  5.31428541e-01   6.74827220e-01
  5.32036191e-01   6.75401785e-01
  5.32643634e-01   6.75975863e-01
  5.33250869e-01   6.76549453e-01
  5.33857897e-01   6.77122557e-01
  5.34464718e-01   6.77695177e-01
  5.35071332e-01   6.78267313e-01
  5.35677739e-01   6.78838967e-01
  5.36283939e-01   6.79410140e-01
  5.36889932e-01   6.79980833e-01
  5.37495718e-01   6.80551048e-01
  5.38101299e-01   6.81120785e-01
  5.38706672e-01   6.81690046e-01
  5.39311840e-01   6.82258832e-01
  5.39916801e-01   6.82827144e-01
  5.40521556e-01   6.83394984e-01
  5.41126105e-01   6.83962352e-01
  5.41730448e-01   6.84529251e-01
  5.42334585e-01   6.85095679e-01
  5.42938516e-01   6.85661640e-01
  5.43542242e-01   6.86227135e-01
  5.44145762e-01   6.86792163e-01
  5.44749076e-01   6.87356727e-01
  5.45352185e-01   6.87920828e-01
  5.45955089e-01   6.88484467e-01
  5.46557787e-01   6.89047644e-01
  5.47160280e-01   6.89610362e-01
  5.47762567e-01   6.90172621e-01
  5.48364650e-01   6.90734422e-01
  5.48966527e-01   6.91295767e-01
  5.49568199e-01   6.91856656e-01
  5.50169667e-01   6.92417091e-01
  5.50770929e-01   6.92977072e-01
  5.51371986e-01   6.93536602e-01
  5.51972839e-01   6.94095680e-01
  5.52573486e-01   6.94654308e-01
  5.53173929e-01   6.95212488e-01
  5.53774167e-01   6.95770220e-01
  5.54374201e-01   6.96327505e-01
  5.54974029e-01   6.96884344e-01
  5.55573653e-01   6.97440739e-01
  5.56173072e-01   6.97996690e-01
  5.56772287e-01   6.98552199e-01
  5.57371297e-01   6.99107266e-01
  5.57970103e-01   6.99661893e-01
  5.58568704e-01   7.00216081e-01
  5.59167100e-01   7.00769830e-01
  5.59765292e-01   7.01323143e-01
  5.60363279e-01   7.01876019e-01
  5.60961062e-01   7.02428460e-01
  5.61558641e-01   7.02980466e-01
  5.62156014e-01   7.03532040e-01
  5.62753184e-01   7.04083181e-01
  5.63350149e-01   7.04633892e-01
  5.63946909e-01   7.05184172e-01
  5.64543465e-01   7.05734024e-01
  5.65139816e-01   7.06283447e-01
  5.65735963e-01   7.06832443e-01
  5.66331906e-01   7.07381013e-01
  5.66927643e-01   7.07929158e-01
  5.67523177e-01   7.08476879e-01
  5.68118505e-01   7.09024177e-01
  5.68713630e-01   7.09571052e-01
  5.69308549e-01   7.10117507e-01
  5.69903264e-01   7.10663541e-01
  5.70497775e-01   7.11209156e-01
  5.71092081e-01   7.11754353e-01
  5.71686183e-01   7.12299133e-01
  5.72280080e-01   7.12843496e-01
  5.72873773e-01   7.13387444e-01
  5.73467262e-01   7.13930977e-01
  5.74060546e-01   7.14474097e-01
  5.74653627e-01   7.15016804e-01
  5.75246503e-01   7.15559100e-01
  5.75839175e-01   7.16100985e-01
  5.76431643e-01   7.16642460e-01
  5.77023907e-01   7.17183527e-01
  5.77615968e-01   7.17724185e-01
  5.78207824e-01   7.18264437e-01
  5.78799478e-01   7.18804283e-01
  5.79390927e-01   7.19343723e-01
  5.79982173e-01   7.19882759e-01
  5.80573216e-01   7.20421392e-01
  5.81164056e-01   7.20959623e-01
  5.81754693e-01   7.21497452e-01
  5.82345127e-01   7.22034880e-01
  5.82935358e-01   7.22571908e-01
  5.83525386e-01   7.23108538e-01
  5.84115212e-01   7.23644770e-01
  5.84704835e-01   7.24180605e-01
  5.85294256e-01   7.24716043e-01
  5.85883476e-01   7.25251087e-01
  5.86472493e-01   7.25785736e-01
  5.87061309e-01   7.26319991e-01
  5.87649923e-01   7.26853854e-01
  5.88238335e-01   7.27387324e-01
  5.88826547e-01   7.27920404e-01
  5.89414558e-01   7.28453094e-01
  5.90002367e-01   7.28985394e-01
  5.90589977e-01   7.29517306e-01
  5.91177385e-01   7.30048831e-01
  5.91764594e-01   7.30579969e-01
  5.92351602e-01   7.31110721e-01
  5.92938411e-01   7.31641088e-01
  5.93525020e-01   7.32171070e-01
  5.94111430e-01   7.32700670e-01
  5.94697641e-01   7.33229887e-01
  5.95283653e-01   7.33758722e-01
  5.95869467e-01   7.34287176e-01
  5.96455082e-01   7.34815250e-01
  5.97040498e-01   7.35342945e-01
  5.97625717e-01   7.35870262e-01
  5.98210739e-01   7.36397201e-01
  5.98795563e-01   7.36923763e-01
  5.99380190e-01   7.37449950e-01
  5.99964620e-01   7.37975761e-01
  6.00548853e-01   7.38501197e-01
  6.01132890e-01   7.39026261e-01
  6.01716732e-01   7.39550951e-01
  6.02300377e-01   7.40075269e-01
  6.02883827e-01   7.40599216e-01
  6.03467082e-01   7.41122793e-01
  6.04050142e-01   7.41646000e-01
  6.04633008e-01   7.42168839e-01
  6.05215679e-01   7.42691309e-01
  6.05798157e-01   7.43213412e-01
  6.06380441e-01   7.43735148e-01
  6.06962532e-01   7.44256519e-01
  6.07544430e-01   7.44777524e-01
  6.08126135e-01   7.45298166e-01
  6.08707648e-01   7.45818444e-01
  6.09288969e-01   7.46338359e-01
  6.09870098e-01   7.46857913e-01
  6.10451036e-01   7.47377105e-01
  6.11031784e-01   7.47895937e-01
  6.11612340e-01   7.48414409e-01
  6.12192707e-01   7.48932522e-01
  6.12772884e-01   7.49450277e-01
  6.13352871e-01   7.49967675e-01
  6.13932669e-01   7.50484715e-01
  6.14512279e-01   7.51001400e-01
  6.15091700e-01   7.51517730e-01
  6.15670933e-01   7.52033705e-01
  6.16249979e-01   7.52549326e-01
  6.16828838e-01   7.53064595e-01
  6.17407511e-01   7.53579511e-01
  6.17985998e-01   7.54094075e-01
  6.18564299e-01   7.54608289e-01
  6.19142415e-01   7.55122152e-01
  6.19720347e-01   7.55635666e-01
  6.20298096e-01   7.56148831e-01
  6.20875662e-01   7.56661648e-01
  6.21453045e-01   7.57174118e-01
  6.22030247e-01   7.57686242e-01
  6.22607267e-01   7.58198019e-01
  6.23184108e-01   7.58709451e-01
  6.23760769e-01   7.59220539e-01
  6.24337251e-01   7.59731282e-01
  6.24913555e-01   7.60241683e-01
  6.25489682e-01   7.60751741e-01
  6.26065633e-01   7.61261458e-01
  6.26641409e-01   7.61770833e-01
  6.27217009e-01   7.62279868e-01
  6.27792437e-01   7.62788563e-01
  6.28367691e-01   7.63296920e-01
  6.28942773e-01   7.63804938e-01
  6.29517685e-01   7.64312618e-01
  6.30092427e-01   7.64819961e-01
  6.30667000e-01   7.65326968e-01
  6.31241404e-01   7.65833640e-01
  6.31815642e-01   7.66339976e-01
  6.32389715e-01   7.66845978e-01
  6.32963622e-01   7.67351646e-01
  6.33537366e-01   7.67856982e-01
  6.34110948e-01   7.68361985e-01
  6.34684368e-01   7.68866656e-01
  6.35257627e-01   7.69370996e-01
  6.35830728e-01   7.69875006e-01
  6.36403671e-01   7.70378686e-01
  6.36976457e-01   7.70882037e-01
  6.37549088e-01   7.71385060e-01
  6.38121565e-01   7.71887755e-01
  6.38693889e-01   7.72390122e-01
  6.39266062e-01   7.72892163e-01
  6.39838084e-01   7.73393879e-01
  6.40409957e-01   7.73895269e-01
  6.40981683e-01   7.74396334e-01
  6.41553262e-01   7.74897075e-01
  6.42124697e-01   7.75397493e-01
  6.42695989e-01   7.75897588e-01
  6.43267138e-01   7.76397361e-01
  6.43838147e-01   7.76896813e-01
  6.44409017e-01   7.77395944e-01
  6.44979749e-01   7.77894754e-01
  6.45550345e-01   7.78393245e-01
  6.46120807e-01   7.78891416e-01
  6.46691136e-01   7.79389270e-01
  6.47261333e-01   7.79886805e-01
  6.47831401e-01   7.80384024e-01
  6.48401340e-01   7.80880925e-01
  6.48971153e-01   7.81377511e-01
  6.49540840e-01   7.81873781e-01
  6.50110404e-01   7.82369737e-01
  6.50679847e-01   7.82865378e-01
  6.51249169e-01   7.83360706e-01
  6.51818373e-01   7.83855720e-01
  6.52387461e-01   7.84350423e-01
  6.52956434e-01   7.84844813e-01
  6.53525293e-01   7.85338893e-01
  6.54094041e-01   7.85832661e-01
  6.54662680e-01   7.86326120e-01
  6.55231211e-01   7.86819269e-01
  6.55799636e-01   7.87312109e-01
  6.56367956e-01   7.87804641e-01
  6.56936175e-01   7.88296865e-01
  6.57504293e-01   7.88788782e-01
  6.58072313e-01   7.89280392e-01
  6.58640236e-01   7.89771697e-01
  6.59208065e-01   7.90262696e-01
  6.59775800e-01   7.90753390e-01
  6.60343445e-01   7.91243779e-01
  6.60911002e-01   7.91733865e-01
  6.61478471e-01   7.92223648e-01
  6.62045856e-01   7.92713128e-01
  6.62613158e-01   7.93202307e-01
  6.63180379e-01   7.93691183e-01
  6.63747521e-01   7.94179759e-01
  6.64314587e-01   7.94668034e-01
  6.64881579e-01   7.95156010e-01
  6.65448498e-01   7.95643686e-01
  6.66015347e-01   7.96131064e-01
  6.66582128e-01   7.96618143e-01
  6.67148843e-01   7.97104925e-01
  6.67715495e-01   7.97591409e-01
  6.68282084e-01   7.98077597e-01
  6.68848615e-01   7.98563489e-01
  6.69415089e-01   7.99049086e-01
  6.69981508e-01   7.99534387e-01
  6.70547874e-01   8.00019395e-01
  6.71114191e-01   8.00504108e-01
  6.71680459e-01   8.00988528e-01
  6.72246682e-01   8.01472655e-01
  6.72812862e-01   8.01956490e-01
  6.73379001e-01   8.02440034e-01
  6.73945101e-01   8.02923286e-01
  6.74511165e-01   8.03406247e-01
  6.75077196e-01   8.03888919e-01
  6.75643196e-01   8.04371300e-01
  6.76209166e-01   8.04853393e-01
  6.76775111e-01   8.05335197e-01
  6.77341032e-01   8.05816712e-01
  6.77906931e-01   8.06297941e-01
  6.78472811e-01   8.06778882e-01
  6.79038676e-01   8.07259537e-01
  6.79604526e-01   8.07739905e-01
  6.80170365e-01   8.08219989e-01
  6.80736196e-01   8.08699787e-01
  6.81302021e-01   8.09179301e-01
  6.81867842e-01   8.09658530e-01
  6.82433662e-01   8.10137476e-01
  6.82999485e-01   8.10616140e-01
  6.83565312e-01   8.11094520e-01
  6.84131146e-01   8.11572619e-01
  6.84696989e-01   8.12050437e-01
  6.85262846e-01   8.12527973e-01
  6.85828718e-01   8.13005229e-01
  6.86394607e-01   8.13482205e-01
  6.86960518e-01   8.13958901e-01
  6.87526452e-01   8.14435318e-01
  6.88092412e-01   8.14911457e-01
  6.88658402e-01   8.15387318e-01
  6.89224423e-01   8.15862901e-01
  6.89790479e-01   8.16338207e-01
  6.90356572e-01   8.16813237e-01
  6.90922707e-01   8.17287990e-01
  6.91488884e-01   8.17762468e-01
  6.92055107e-01   8.18236671e-01
  6.92621380e-01   8.18710599e-01
  6.93187704e-01   8.19184252e-01
  6.93754084e-01   8.19657633e-01
  6.94320521e-01   8.20130739e-01
  6.94887019e-01   8.20603574e-01
  6.95453581e-01   8.21076135e-01
  6.96020210e-01   8.21548425e-01
  6.96586908e-01   8.22020444e-01
  6.97153679e-01   8.22492192e-01
  6.97720526e-01   8.22963669e-01
  6.98287452e-01   8.23434877e-01
  6.98854459e-01   8.23905815e-01
  6.99421552e-01   8.24376483e-01
  6.99988732e-01   8.24846884e-01
  7.00556004e-01   8.25317016e-01
  7.01123370e-01   8.25786881e-01
  7.01690834e-01   8.26256478e-01
  7.02258397e-01   8.26725809e-01
  7.02826065e-01   8.27194873e-01
  7.03393839e-01   8.27663671e-01
  7.03961724e-01   8.28132204e-01
  7.04529721e-01   8.28600473e-01
  7.05097835e-01   8.29068476e-01
  7.05666068e-01   8.29536216e-01
  7.06234425e-01   8.30003692e-01
  7.06802907e-01   8.30470905e-01
  7.07371518e-01   8.30937855e-01
  7.07940262e-01   8.31404543e-01
  7.08509141e-01   8.31870969e-01
  7.09078158e-01   8.32337134e-01
  7.09647316e-01   8.32803038e-01
  7.10216618e-01   8.33268681e-01
  7.10786067e-01   8.33734064e-01
  7.11355666e-01   8.34199188e-01
  7.11925417e-01   8.34664053e-01
  7.12495324e-01   8.35128658e-01
  7.13065389e-01   8.35593006e-01
  7.13635614e-01   8.36057095e-01
  7.14206002e-01   8.36520927e-01
  7.14776556e-01   8.36984502e-01
  7.15347278e-01   8.37447820e-01
  7.15918171e-01   8.37910883e-01
  7.16489237e-01   8.38373689e-01
  7.17060478e-01   8.38836240e-01
  7.17631897e-01   8.39298536e-01
  7.18203497e-01   8.39760578e-01
  7.18775279e-01   8.40222365e-01
  7.19347245e-01   8.40683899e-01
  7.19919399e-01   8.41145180e-01
  7.20491741e-01   8.41606208e-01
  7.21064275e-01   8.42066983e-01
  7.21637001e-01   8.42527506e-01
  7.22209923e-01   8.42987778e-01
  7.22783042e-01   8.43447799e-01
  7.23356360e-01   8.43907569e-01
  7.23929879e-01   8.44367088e-01
  7.24503600e-01   8.44826358e-01
  7.25077527e-01   8.45285378e-01
  7.25651660e-01   8.45744149e-01
  7.26226000e-01   8.46202671e-01
  7.26800551e-01   8.46660945e-01
  7.27375314e-01   8.47118971e-01
  7.27950289e-01   8.47576749e-01
  7.28525479e-01   8.48034281e-01
  7.29100886e-01   8.48491565e-01
  7.29676510e-01   8.48948604e-01
  7.30252353e-01   8.49405396e-01
  7.30828417e-01   8.49861943e-01
  7.31404702e-01   8.50318245e-01
  7.31981209e-01   8.50774302e-01
  7.32557941e-01   8.51230114e-01
  7.33134897e-01   8.51685683e-01
  7.33712078e-01   8.52141008e-01
  7.34289485e-01   8.52596090e-01
  7.34867119e-01   8.53050929e-01
  7.35444980e-01   8.53505526e-01
  7.36023068e-01   8.53959881e-01
  7.36601385e-01   8.54413994e-01
  7.37179931e-01   8.54867866e-01
  7.37758704e-01   8.55321498e-01
  7.38337707e-01   8.55774888e-01
  7.38916938e-01   8.56228039e-01
  7.39496398e-01   8.56680950e-01
  7.40076087e-01   8.57133621e-01
  7.40656003e-01   8.57586054e-01
  7.41236148e-01   8.58038248e-01
  7.41816520e-01   8.58490204e-01
  7.42397120e-01   8.58941922e-01
  7.42977946e-01   8.59393403e-01
  7.43558998e-01   8.59844647e-01
  7.44140275e-01   8.60295653e-01
  7.44721776e-01   8.60746424e-01
  7.45303501e-01   8.61196959e-01
  7.45885449e-01   8.61647258e-01
  7.46467617e-01   8.62097322e-01
  7.47050006e-01   8.62547151e-01
  7.47632615e-01   8.62996745e-01
  7.48215440e-01   8.63446106e-01
  7.48798483e-01   8.63895233e-01
  7.49381740e-01   8.64344126e-01
  7.49965210e-01   8.64792786e-01
  7.50548893e-01   8.65241214e-01
  7.51132785e-01   8.65689409e-01
  7.51716885e-01   8.66137373e-01
  7.52301192e-01   8.66585105e-01
  7.52885704e-01   8.67032606e-01
  7.53470419e-01   8.67479875e-01
  7.54055336e-01   8.67926915e-01
  7.54640454e-01   8.68373724e-01
  7.55225773e-01   8.68820304e-01
  7.55811292e-01   8.69266654e-01
  7.56397011e-01   8.69712775e-01
  7.56982929e-01   8.70158667e-01
  7.57569048e-01   8.70604331e-01
  7.58155368e-01   8.71049767e-01
  7.58741890e-01   8.71494975e-01
  7.59328614e-01   8.71939956e-01
  7.59915542e-01   8.72384710e-01
  7.60502676e-01   8.72829237e-01
  7.61090017e-01   8.73273538e-01
  7.61677567e-01   8.73717613e-01
  7.62265329e-01   8.74161462e-01
  7.62853305e-01   8.74605087e-01
  7.63441498e-01   8.75048486e-01
  7.64029911e-01   8.75491661e-01
  7.64618546e-01   8.75934611e-01
  7.65207408e-01   8.76377338e-01
  7.65796500e-01   8.76819841e-01
  7.66385826e-01   8.77262121e-01
  7.66975391e-01   8.77704178e-01
  7.67565197e-01   8.78146012e-01
  7.68155251e-01   8.78587625e-01
  7.68745557e-01   8.79029015e-01
  7.69336120e-01   8.79470184e-01
  7.69926945e-01   8.79911132e-01
  7.70518038e-01   8.80351859e-01
  7.71109405e-01   8.80792365e-01
  7.71701051e-01   8.81232651e-01
  7.72292982e-01   8.81672717e-01
  7.72885206e-01   8.82112564e-01
  7.73477729e-01   8.82552192e-01
  7.74070557e-01   8.82991600e-01
  7.74663698e-01   8.83430790e-01
  7.75257159e-01   8.83869762e-01
  7.75850948e-01   8.84308516e-01
  7.76445072e-01   8.84747052e-01
  7.77039538e-01   8.85185372e-01
  7.77634355e-01   8.85623474e-01
  7.78229530e-01   8.86061359e-01
  7.78825071e-01   8.86499029e-01
  7.79420985e-01   8.86936482e-01
  7.80017280e-01   8.87373719e-01
  7.80613965e-01   8.87810742e-01
  7.81211045e-01   8.88247549e-01
  7.81808530e-01   8.88684142e-01
  7.82406427e-01   8.89120520e-01
  7.83004743e-01   8.89556684e-01
  7.83603487e-01   8.89992634e-01
  7.84202665e-01   8.90428371e-01
  7.84802287e-01   8.90863895e-01
  7.85402359e-01   8.91299206e-01
  7.86002889e-01   8.91734304e-01
  7.86603886e-01   8.92169191e-01
  7.87205356e-01   8.92603865e-01
  7.87807307e-01   8.93038328e-01
  7.88409748e-01   8.93472580e-01
  7.89012686e-01   8.93906620e-01
  7.89616129e-01   8.94340450e-01
  7.90220085e-01   8.94774070e-01
  7.90824561e-01   8.95207479e-01
  7.91429565e-01   8.95640679e-01
  7.92035106e-01   8.96073670e-01
  7.92641190e-01   8.96506451e-01
  7.93247826e-01   8.96939024e-01
  7.93855021e-01   8.97371388e-01
  7.94462784e-01   8.97803543e-01
  7.95071122e-01   8.98235491e-01
  7.95680042e-01   8.98667231e-01
  7.96289554e-01   8.99098764e-01
  7.96899664e-01   8.99530090e-01
  7.97510381e-01   8.99961209e-01
  7.98121712e-01   9.00392122e-01
  7.98733666e-01   9.00822829e-01
  7.99346249e-01   9.01253330e-01
  7.99959470e-01   9.01683625e-01
  8.00573338e-01   9.02113715e-01
  8.01187858e-01   9.02543600e-01
  8.01803041e-01   9.02973280e-01
  8.02418893e-01   9.03402756e-01
  8.03035422e-01   9.03832028e-01
  8.03652636e-01   9.04261096e-01
  8.04270544e-01   9.04689961e-01
  8.04889152e-01   9.05118622e-01
  8.05508469e-01   9.05547081e-01
  8.06128502e-01   9.05975337e-01
  8.06749260e-01   9.06403390e-01
  8.07370751e-01   9.06831242e-01
  8.07992981e-01   9.07258892e-01
  8.08615960e-01   9.07686340e-01
  8.09239694e-01   9.08113587e-01
  8.09864192e-01   9.08540633e-01
  8.10489462e-01   9.08967479e-01
  8.11115511e-01   9.09394124e-01
  8.11742348e-01   9.09820569e-01
  8.12369979e-01   9.10246814e-01
  8.12998414e-01   9.10672860e-01
  8.13627659e-01   9.11098707e-01
  8.14257723e-01   9.11524354e-01
  8.14888614e-01   9.11949803e-01
  8.15520339e-01   9.12375054e-01
  8.16152905e-01   9.12800106e-01
  8.16786322e-01   9.13224961e-01
  8.17420597e-01   9.13649618e-01
  8.18055737e-01   9.14074078e-01
  8.18691751e-01   9.14498341e-01
  8.19328646e-01   9.14922407e-01
  8.19966430e-01   9.15346276e-01
  8.20605110e-01   9.15769950e-01
  8.21244696e-01   9.16193427e-01
  8.21885194e-01   9.16616709e-01
  8.22526612e-01   9.17039795e-01
  8.23168959e-01   9.17462687e-01
  8.23812241e-01   9.17885383e-01
  8.24456467e-01   9.18307885e-01
  8.25101644e-01   9.18730193e-01
  8.25747780e-01   9.19152306e-01
  8.26394884e-01   9.19574226e-01
  8.27042963e-01   9.19995952e-01
  8.27692026e-01   9.20417485e-01
  8.28342081e-01   9.20838826e-01
  8.28993136e-01   9.21259973e-01
  8.29645200e-01   9.21680928e-01
  8.30298283e-01   9.22101691e-01
  8.30952394e-01   9.22522262e-01
  8.31607540e-01   9.22942641e-01
  8.32263733e-01   9.23362829e-01
  8.32920981e-01   9.23782826e-01
  8.33579295e-01   9.24202632e-01
  8.34238683e-01   9.24622247e-01
  8.34899157e-01   9.25041672e-01
  8.35560726e-01   9.25460907e-01
  8.36223401e-01   9.25879952e-01
  8.36887191e-01   9.26298807e-01
  8.37552109e-01   9.26717473e-01
  8.38218164e-01   9.27135950e-01
  8.38885368e-01   9.27554239e-01
  8.39553731e-01   9.27972338e-01
  8.40223265e-01   9.28390250e-01
  8.40893981e-01   9.28807973e-01
  8.41565891e-01   9.29225509e-01
  8.42239007e-01   9.29642857e-01
  8.42913340e-01   9.30060018e-01
  8.43588902e-01   9.30476992e-01
  8.44265706e-01   9.30893779e-01
  8.44943764e-01   9.31310379e-01
  8.45623088e-01   9.31726793e-01
  8.46303690e-01   9.32143022e-01
  8.46985584e-01   9.32559064e-01
  8.47668783e-01   9.32974921e-01
  8.48353298e-01   9.33390593e-01
  8.49039144e-01   9.33806079e-01
  8.49726334e-01   9.34221381e-01
  8.50414881e-01   9.34636498e-01
  8.51104799e-01   9.35051431e-01
  8.51796100e-01   9.35466180e-01
  8.52488801e-01   9.35880745e-01
  8.53182913e-01   9.36295127e-01
  8.53878452e-01   9.36709325e-01
  8.54575431e-01   9.37123340e-01
  8.55273866e-01   9.37537173e-01
  8.55973770e-01   9.37950823e-01
  8.56675159e-01   9.38364290e-01
  8.57378048e-01   9.38777575e-01
  8.58082451e-01   9.39190679e-01
  8.58788385e-01   9.39603601e-01
  8.59495864e-01   9.40016341e-01
  8.60204904e-01   9.40428900e-01
  8.60915521e-01   9.40841279e-01
  8.61627732e-01   9.41253477e-01
  8.62341551e-01   9.41665494e-01
  8.63056996e-01   9.42077331e-01
  8.63774083e-01   9.42488988e-01
  8.64492828e-01   9.42900465e-01
  8.65213248e-01   9.43311763e-01
  8.65935360e-01   9.43722882e-01
  8.66659182e-01   9.44133822e-01
  8.67384729e-01   9.44544583e-01
  8.68112021e-01   9.44955165e-01
  8.68841073e-01   9.45365569e-01
  8.69571904e-01   9.45775795e-01
  8.70304532e-01   9.46185843e-01
  8.71038975e-01   9.46595713e-01
  8.71775250e-01   9.47005406e-01
  8.72513376e-01   9.47414922e-01
  8.73253372e-01   9.47824261e-01
  8.73995255e-01   9.48233423e-01
  8.74739045e-01   9.48642409e-01
  8.75484760e-01   9.49051219e-01
  8.76232419e-01   9.49459852e-01
  8.76982041e-01   9.49868310e-01
  8.77733647e-01   9.50276592e-01
  8.78487254e-01   9.50684699e-01
  8.79242882e-01   9.51092630e-01
  8.80000552e-01   9.51500387e-01
  8.80760282e-01   9.51907969e-01
  8.81522094e-01   9.52315377e-01
  8.82286006e-01   9.52722610e-01
  8.83052039e-01   9.53129670e-01
  8.83820214e-01   9.53536556e-01
  8.84590553e-01   9.53943268e-01
  8.85363076e-01   9.54349806e-01
  8.86137805e-01   9.54756172e-01
  8.86914763e-01   9.55162365e-01
  8.87693971e-01   9.55568385e-01
  8.88475452e-01   9.55974233e-01
  8.89259230e-01   9.56379908e-01
  8.90045326e-01   9.56785412e-01
  8.90833766e-01   9.57190744e-01
  8.91624573e-01   9.57595904e-01
  8.92417771e-01   9.58000892e-01
  8.93213384e-01   9.58405710e-01
  8.94011437e-01   9.58810357e-01
  8.94811956e-01   9.59214833e-01
  8.95614966e-01   9.59619138e-01
  8.96420492e-01   9.60023274e-01
  8.97228560e-01   9.60427239e-01
  8.98039196e-01   9.60831034e-01
  8.98852428e-01   9.61234660e-01
  8.99668282e-01   9.61638116e-01
  9.00486784e-01   9.62041403e-01
  9.01307963e-01   9.62444521e-01
  9.02131845e-01   9.62847471e-01
  9.02958459e-01   9.63250252e-01
  9.03787834e-01   9.63652864e-01
  9.04619996e-01   9.64055308e-01
  9.05454976e-01   9.64457585e-01
  9.06292802e-01   9.64859693e-01
  9.07133503e-01   9.65261635e-01
  9.07977109e-01   9.65663408e-01
  9.08823650e-01   9.66065015e-01
  9.09673156e-01   9.66466455e-01
  9.10525656e-01   9.66867728e-01
  9.11381182e-01   9.67268835e-01
  9.12239765e-01   9.67669775e-01
  9.13101435e-01   9.68070550e-01
  9.13966223e-01   9.68471158e-01
  9.14834162e-01   9.68871601e-01
  9.15705283e-01   9.69271879e-01
  9.16579621e-01   9.69671991e-01
  9.17457209e-01   9.70071938e-01
  9.18338083e-01   9.70471721e-01
  9.19222278e-01   9.70871339e-01
  9.20109832e-01   9.71270792e-01
  9.21000781e-01   9.71670081e-01
  9.21895165e-01   9.72069206e-01
  9.22793022e-01   9.72468167e-01
  9.23694394e-01   9.72866965e-01
  9.24599320e-01   9.73265599e-01
  9.25507843e-01   9.73664071e-01
  9.26420006e-01   9.74062379e-01
  9.27335851e-01   9.74460524e-01
  9.28255424e-01   9.74858507e-01
  9.29178769e-01   9.75256327e-01
  9.30105932e-01   9.75653985e-01
  9.31036959e-01   9.76051481e-01
  9.31971900e-01   9.76448815e-01
  9.32910800e-01   9.76845988e-01
  9.33853713e-01   9.77242999e-01
  9.34800689e-01   9.77639849e-01
  9.35751785e-01   9.78036538e-01
  9.36707058e-01   9.78433066e-01
  9.37666567e-01   9.78829433e-01
  9.38630375e-01   9.79225640e-01
  9.39598546e-01   9.79621687e-01
  9.40571147e-01   9.80017574e-01
  9.41548246e-01   9.80413301e-01
  9.42529913e-01   9.80808868e-01
  9.43516214e-01   9.81204276e-01
  9.44507210e-01   9.81599524e-01
  9.45502957e-01   9.81994614e-01
  9.46503504e-01   9.82389544e-01
  9.47508894e-01   9.82784316e-01
  9.48519166e-01   9.83178929e-01
  9.49534353e-01   9.83573384e-01
  9.50554481e-01   9.83967681e-01
  9.51579573e-01   9.84361820e-01
  9.52609652e-01   9.84755801e-01
  9.53644766e-01   9.85149625e-01
  9.54684999e-01   9.85543291e-01
  9.55730477e-01   9.85936800e-01
  9.56781363e-01   9.86330152e-01
  9.57837859e-01   9.86723347e-01
  9.58900207e-01   9.87116386e-01
  9.59968686e-01   9.87509268e-01
  9.61043613e-01   9.87901994e-01
  9.62125344e-01   9.88294564e-01
  9.63214247e-01   9.88686978e-01
  9.64310631e-01   9.89079236e-01
  9.65414684e-01   9.89471339e-01
  9.66526469e-01   9.89863286e-01
  9.67645928e-01   9.90255078e-01
  9.68772876e-01   9.90646716e-01
  9.69907006e-01   9.91038198e-01
  9.71047891e-01   9.91429526e-01
  9.72194981e-01   9.91820700e-01
  9.73347605e-01   9.92211719e-01
  9.74505057e-01   9.92602585e-01
  9.75666893e-01   9.92993296e-01
  9.76833182e-01   9.93383854e-01
  9.78004541e-01   9.93774259e-01
  9.79182126e-01   9.94164510e-01
  9.80367638e-01   9.94554608e-01
  9.81563309e-01   9.94944552e-01
  9.82771908e-01   9.95334345e-01
  9.83996730e-01   9.95723984e-01
  9.85241596e-01   9.96113471e-01
  9.86510851e-01   9.96502806e-01
  9.87809353e-01   9.96891989e-01
  9.89142476e-01   9.97281020e-01
  9.90516099e-01   9.97669900e-01
  9.91936605e-01   9.98058628e-01
  9.93410871e-01   9.98447204e-01
  9.94946262e-01   9.98835629e-01
  9.96550625e-01   9.99223904e-01
  9.98232278e-01   9.99612027e-01
  1.00000000e+00   1.00000000e+00
