#psi, P, q
0.000000000000000000e+00 4.010161149999999907e+04 9.579707689999999998e-01
7.812500000000000000e-03 3.960016109999999753e+04 9.801982059999999608e-01
1.562500000000000000e-02 3.910244890000000305e+04 9.826396769999999892e-01
2.343750000000000000e-02 3.860843579999999929e+04 9.908743070000000097e-01
3.125000000000000000e-02 3.811808759999999893e+04 9.993701750000000272e-01
3.906250000000000000e-02 3.763137380000000121e+04 1.008614190000000077e+00
4.687500000000000000e-02 3.714826780000000144e+04 1.018114060000000043e+00
5.468750000000000000e-02 3.666874590000000171e+04 1.027915799999999935e+00
6.250000000000000000e-02 3.619278730000000360e+04 1.037733030000000056e+00
7.031250000000000000e-02 3.572037350000000151e+04 1.048036030000000007e+00
7.812500000000000000e-02 3.525148819999999978e+04 1.058139989999999919e+00
8.593750000000000000e-02 3.478611720000000059e+04 1.068595289999999975e+00
9.375000000000000000e-02 3.432424769999999990e+04 1.079155979999999904e+00
1.015625000000000000e-01 3.386586860000000161e+04 1.089808029999999928e+00
1.093750000000000000e-01 3.341096979999999894e+04 1.100530110000000006e+00
1.171875000000000000e-01 3.295954280000000290e+04 1.111473069999999952e+00
1.250000000000000000e-01 3.251157969999999841e+04 1.122527150000000029e+00
1.328125000000000000e-01 3.206707370000000083e+04 1.133704030000000085e+00
1.406250000000000000e-01 3.162601870000000054e+04 1.145029019999999953e+00
1.484375000000000000e-01 3.118840950000000157e+04 1.156494719999999976e+00
1.562500000000000000e-01 3.075424100000000180e+04 1.168107629999999952e+00
1.640625000000000000e-01 3.032350930000000153e+04 1.179787839999999921e+00
1.718750000000000000e-01 2.989621039999999994e+04 1.191691609999999901e+00
1.796875000000000000e-01 2.947234100000000035e+04 1.203699440000000065e+00
1.875000000000000000e-01 2.905189809999999852e+04 1.215881530000000099e+00
1.953125000000000000e-01 2.863487889999999970e+04 1.228155670000000033e+00
2.031250000000000000e-01 2.822128110000000015e+04 1.240621390000000046e+00
2.109375000000000000e-01 2.781110229999999865e+04 1.253249169999999912e+00
2.187500000000000000e-01 2.740434049999999843e+04 1.266051320000000091e+00
2.265625000000000000e-01 2.700099390000000130e+04 1.278955010000000003e+00
2.343750000000000000e-01 2.660106070000000182e+04 1.292088630000000071e+00
2.421875000000000000e-01 2.620453919999999925e+04 1.305349190000000048e+00
2.500000000000000000e-01 2.581142780000000130e+04 1.318788089999999968e+00
2.578125000000000000e-01 2.542172499999999854e+04 1.332350740000000089e+00
2.656250000000000000e-01 2.503542929999999978e+04 1.346151309999999990e+00
2.734375000000000000e-01 2.465253919999999925e+04 1.360121609999999981e+00
2.812500000000000000e-01 2.427305310000000100e+04 1.374270630000000049e+00
2.890625000000000000e-01 2.389696949999999924e+04 1.388552259999999983e+00
2.968750000000000000e-01 2.352428659999999945e+04 1.403051889999999968e+00
3.046875000000000000e-01 2.315500279999999839e+04 1.417769599999999963e+00
3.125000000000000000e-01 2.278911620000000039e+04 1.432677310000000093e+00
3.203125000000000000e-01 2.242662470000000030e+04 1.447748950000000034e+00
3.281250000000000000e-01 2.206752609999999913e+04 1.462998840000000023e+00
3.359375000000000000e-01 2.171181799999999930e+04 1.478487569999999973e+00
3.437500000000000000e-01 2.135949769999999990e+04 1.494213409999999964e+00
3.515625000000000000e-01 2.101056220000000030e+04 1.510144200000000048e+00
3.593750000000000000e-01 2.066500809999999910e+04 1.526244570000000023e+00
3.671875000000000000e-01 2.032283169999999882e+04 1.542568020000000040e+00
3.750000000000000000e-01 1.998402890000000116e+04 1.559148460000000069e+00
3.828125000000000000e-01 1.964859479999999894e+04 1.575963889999999923e+00
3.906250000000000000e-01 1.931652409999999873e+04 1.593014439999999921e+00
3.984375000000000000e-01 1.898781090000000040e+04 1.610262709999999986e+00
4.062500000000000000e-01 1.866244830000000002e+04 1.627777720000000095e+00
4.140625000000000555e-01 1.834042870000000039e+04 1.645557500000000006e+00
4.218750000000000000e-01 1.802174339999999938e+04 1.663611249999999986e+00
4.296875000000000555e-01 1.770638260000000082e+04 1.681921510000000008e+00
4.375000000000000000e-01 1.739433529999999882e+04 1.700437369999999948e+00
4.453125000000000555e-01 1.708558880000000136e+04 1.719292830000000105e+00
4.531250000000000000e-01 1.678012889999999970e+04 1.738450040000000030e+00
4.609375000000000555e-01 1.647793950000000041e+04 1.757906720000000034e+00
4.687500000000000000e-01 1.617900239999999940e+04 1.777668620000000033e+00
4.765625000000000555e-01 1.588329700000000048e+04 1.797688020000000053e+00
4.843750000000000000e-01 1.559079969999999958e+04 1.818083619999999900e+00
4.921875000000000555e-01 1.530148409999999967e+04 1.838833209999999996e+00
5.000000000000000000e-01 1.501532020000000011e+04 1.859963870000000075e+00
5.078125000000000000e-01 1.473227380000000085e+04 1.881462729999999972e+00
5.156250000000000000e-01 1.445230659999999989e+04 1.903306519999999891e+00
5.234375000000000000e-01 1.417537459999999919e+04 1.925598420000000033e+00
5.312500000000000000e-01 1.390142849999999999e+04 1.948346829999999974e+00
5.390625000000000000e-01 1.363041209999999955e+04 1.971579919999999930e+00
5.468750000000000000e-01 1.336226180000000022e+04 1.995306859999999904e+00
5.546875000000000000e-01 1.309690569999999934e+04 2.019520089999999879e+00
5.625000000000000000e-01 1.283426209999999992e+04 2.044326820000000211e+00
5.703125000000000000e-01 1.257423849999999948e+04 2.069765359999999887e+00
5.781250000000000000e-01 1.231672999999999956e+04 2.095893639999999891e+00
5.859375000000000000e-01 1.206161809999999969e+04 2.122771540000000012e+00
5.937500000000000000e-01 1.180876800000000003e+04 2.150359190000000087e+00
6.015625000000000000e-01 1.155802729999999974e+04 2.178888199999999831e+00
6.093750000000000000e-01 1.130923170000000027e+04 2.208390379999999986e+00
6.171875000000000000e-01 1.106222849999999926e+04 2.238952330000000046e+00
6.250000000000000000e-01 1.081689550000000054e+04 2.270765879999999903e+00
6.328125000000000000e-01 1.057314140000000043e+04 2.303740449999999829e+00
6.406250000000000000e-01 1.033090439999999944e+04 2.338158759999999781e+00
6.484375000000000000e-01 1.009015109999999913e+04 2.374043819999999805e+00
6.562500000000000000e-01 9.850876080000000002e+03 2.411503619999999959e+00
6.640625000000000000e-01 9.613101829999999609e+03 2.450754490000000008e+00
6.718750000000000000e-01 9.376879109999999855e+03 2.491715099999999961e+00
6.796875000000000000e-01 9.142287659999999960e+03 2.534728419999999982e+00
6.875000000000000000e-01 8.909437540000000809e+03 2.579821139999999957e+00
6.953125000000000000e-01 8.678470789999999397e+03 2.627166760000000156e+00
7.031250000000000000e-01 8.449563690000000861e+03 2.676940940000000158e+00
7.109375000000000000e-01 8.222929480000000694e+03 2.729281180000000084e+00
7.187500000000000000e-01 7.998821740000000318e+03 2.784510720000000106e+00
7.265625000000000000e-01 7.777538340000000062e+03 2.842564499999999938e+00
7.343750000000000000e-01 7.559426070000000436e+03 2.903948740000000139e+00
7.421875000000000000e-01 7.344886110000000372e+03 2.968729830000000014e+00
7.500000000000000000e-01 7.134380280000000312e+03 3.037226350000000075e+00
7.578125000000000000e-01 6.928438299999999799e+03 3.109724679999999797e+00
7.656250000000000000e-01 6.727666019999999662e+03 3.186566079999999967e+00
7.734375000000000000e-01 6.532754939999999806e+03 3.268062430000000074e+00
7.812500000000000000e-01 6.344493019999999888e+03 3.354445730000000125e+00
7.890625000000000000e-01 6.163777009999999791e+03 3.446526899999999838e+00
7.968750000000000000e-01 5.991626479999999901e+03 3.544440680000000121e+00
8.046874999999998890e-01 5.829199760000000424e+03 3.648680829999999986e+00
8.125000000000000000e-01 5.677812079999999696e+03 3.759947340000000082e+00
8.203125000000000000e-01 5.538956129999999575e+03 3.878875460000000164e+00
8.281250000000001110e-01 5.414325420000000122e+03 4.006005629999999762e+00
8.359374999999998890e-01 5.305721050000000105e+03 4.142003289999999893e+00
8.437500000000000000e-01 5.214020639999999730e+03 4.287619620000000076e+00
8.515625000000000000e-01 5.137809589999999844e+03 4.443093029999999999e+00
8.593750000000001110e-01 5.072913529999999810e+03 4.609336110000000097e+00
8.671874999999998890e-01 5.012330329999999776e+03 4.786466970000000209e+00
8.750000000000000000e-01 4.946120619999999690e+03 4.974642000000000230e+00
8.828125000000000000e-01 4.861626379999999699e+03 5.174813969999999763e+00
8.906250000000001110e-01 4.746802800000000389e+03 5.386597959999999574e+00
8.984374999999998890e-01 4.594766929999999775e+03 5.611297569999999624e+00
9.062500000000000000e-01 4.405282900000000154e+03 5.849268300000000309e+00
9.140625000000000000e-01 4.183710649999999987e+03 6.099916419999999562e+00
9.218750000000001110e-01 3.936313889999999901e+03 6.366240949999999899e+00
9.296875000000000000e-01 3.665828219999999874e+03 6.650527580000000327e+00
9.375000000000000000e-01 3.370866730000000189e+03 6.959161360000000407e+00
9.453125000000000000e-01 3.048881750000000011e+03 7.303754529999999967e+00
9.531250000000001110e-01 2.701182290000000194e+03 7.696874189999999949e+00
9.609375000000000000e-01 2.335267809999999827e+03 8.157697649999999356e+00
9.687500000000000000e-01 1.965008730000000014e+03 8.706509320000000329e+00
9.765625000000000000e-01 1.609996380000000045e+03 9.378685499999999564e+00
9.843750000000001110e-01 1.291206449999999904e+03 1.023341109999999965e+01
9.921875000000000000e-01 1.025059389999999894e+03 1.144025019999999948e+01
1.000000000000000000e+00 8.137620640000000094e+02 1.703775440000000074e+01
