# rho_tor          rho_pol
# phi[-1]0.21686704798784695
  0.00000000e+00   0.00000000e+00
  1.66715294e-02   2.78531002e-02
  2.36159806e-02   3.93902320e-02
  2.89634443e-02   4.82429847e-02
  3.34821472e-02   5.57062004e-02
  3.74687313e-02   6.22814254e-02
  4.10751205e-02   6.82258832e-02
  4.43916685e-02   7.36923763e-02
  4.74775139e-02   7.87804641e-02
  5.03740969e-02   8.35593006e-02
  5.31120087e-02   8.80792365e-02
  5.57147593e-02   9.23782826e-02
  5.82008399e-02   9.64859693e-02
  6.05849720e-02   1.00425781e-01
  6.28790632e-02   1.04216758e-01
  6.50929001e-02   1.07874593e-01
  6.72346361e-02   1.11412401e-01
  6.93111428e-02   1.14841274e-01
  7.13282687e-02   1.18170696e-01
  7.32910349e-02   1.21408849e-01
  7.52037838e-02   1.24562851e-01
  7.70702970e-02   1.27638940e-01
  7.88938959e-02   1.30642620e-01
  8.06775247e-02   1.33578776e-01
  8.24238106e-02   1.36451766e-01
  8.41351089e-02   1.39265501e-01
  8.58135410e-02   1.42023501e-01
  8.74610252e-02   1.44728954e-01
  8.90793033e-02   1.47384753e-01
  9.06699619e-02   1.49993535e-01
  9.22344510e-02   1.52557713e-01
  9.37741000e-02   1.55079499e-01
  9.52901310e-02   1.57560928e-01
  9.67836705e-02   1.60003879e-01
  9.82557591e-02   1.62410087e-01
  9.97073607e-02   1.64781163e-01
  1.01139370e-01   1.67118601e-01
  1.02552618e-01   1.69423794e-01
  1.03947881e-01   1.71698041e-01
  1.05325881e-01   1.73942555e-01
  1.06687295e-01   1.76158473e-01
  1.08032757e-01   1.78346861e-01
  1.09362860e-01   1.80508720e-01
  1.10678162e-01   1.82644992e-01
  1.11979192e-01   1.84756565e-01
  1.13266445e-01   1.86844276e-01
  1.14540390e-01   1.88908917e-01
  1.15801472e-01   1.90951234e-01
  1.17050110e-01   1.92971939e-01
  1.18286702e-01   1.94971701e-01
  1.19511627e-01   1.96951160e-01
  1.20725244e-01   1.98910922e-01
  1.21927893e-01   2.00851562e-01
  1.23119902e-01   2.02773630e-01
  1.24301578e-01   2.04677650e-01
  1.25473217e-01   2.06564119e-01
  1.26635102e-01   2.08433516e-01
  1.27787502e-01   2.10286295e-01
  1.28930674e-01   2.12122891e-01
  1.30064864e-01   2.13943722e-01
  1.31190309e-01   2.15749186e-01
  1.32307233e-01   2.17539667e-01
  1.33415855e-01   2.19315530e-01
  1.34516382e-01   2.21077129e-01
  1.35609013e-01   2.22824802e-01
  1.36693941e-01   2.24558873e-01
  1.37771349e-01   2.26279656e-01
  1.38841415e-01   2.27987451e-01
  1.39904309e-01   2.29682548e-01
  1.40960196e-01   2.31365227e-01
  1.42009233e-01   2.33035755e-01
  1.43051574e-01   2.34694394e-01
  1.44087366e-01   2.36341392e-01
  1.45116750e-01   2.37976992e-01
  1.46139863e-01   2.39601428e-01
  1.47156838e-01   2.41214923e-01
  1.48167802e-01   2.42817698e-01
  1.49172879e-01   2.44409962e-01
  1.50172189e-01   2.45991920e-01
  1.51165847e-01   2.47563770e-01
  1.52153965e-01   2.49125702e-01
  1.53136651e-01   2.50677902e-01
  1.54114010e-01   2.52220549e-01
  1.55086143e-01   2.53753819e-01
  1.56053150e-01   2.55277880e-01
  1.57015126e-01   2.56792895e-01
  1.57972163e-01   2.58299025e-01
  1.58924352e-01   2.59796423e-01
  1.59871781e-01   2.61285240e-01
  1.60814534e-01   2.62765622e-01
  1.61752695e-01   2.64237709e-01
  1.62686343e-01   2.65701642e-01
  1.63615557e-01   2.67157552e-01
  1.64540413e-01   2.68605571e-01
  1.65460985e-01   2.70045825e-01
  1.66377345e-01   2.71478439e-01
  1.67289563e-01   2.72903533e-01
  1.68197707e-01   2.74321223e-01
  1.69101844e-01   2.75731624e-01
  1.70002040e-01   2.77134848e-01
  1.70898356e-01   2.78531002e-01
  1.71790855e-01   2.79920193e-01
  1.72679597e-01   2.81302523e-01
  1.73564640e-01   2.82678094e-01
  1.74446042e-01   2.84047003e-01
  1.75323859e-01   2.85409346e-01
  1.76198145e-01   2.86765218e-01
  1.77068954e-01   2.88114709e-01
  1.77936336e-01   2.89457908e-01
  1.78800344e-01   2.90794903e-01
  1.79661027e-01   2.92125779e-01
  1.80518433e-01   2.93450620e-01
  1.81372610e-01   2.94769505e-01
  1.82223603e-01   2.96082516e-01
  1.83071460e-01   2.97389730e-01
  1.83916222e-01   2.98691223e-01
  1.84757935e-01   2.99987070e-01
  1.85596641e-01   3.01277343e-01
  1.86432381e-01   3.02562113e-01
  1.87265195e-01   3.03841451e-01
  1.88095124e-01   3.05115425e-01
  1.88922206e-01   3.06384102e-01
  1.89746480e-01   3.07647547e-01
  1.90567983e-01   3.08905824e-01
  1.91386752e-01   3.10158997e-01
  1.92202822e-01   3.11407127e-01
  1.93016229e-01   3.12650274e-01
  1.93827007e-01   3.13888498e-01
  1.94635190e-01   3.15121856e-01
  1.95440811e-01   3.16350406e-01
  1.96243903e-01   3.17574203e-01
  1.97044497e-01   3.18793303e-01
  1.97842625e-01   3.20007758e-01
  1.98638318e-01   3.21217621e-01
  1.99431605e-01   3.22422945e-01
  2.00222516e-01   3.23623780e-01
  2.01011081e-01   3.24820175e-01
  2.01797326e-01   3.26012179e-01
  2.02581282e-01   3.27199841e-01
  2.03362974e-01   3.28383208e-01
  2.04142430e-01   3.29562326e-01
  2.04919677e-01   3.30737240e-01
  2.05694739e-01   3.31907995e-01
  2.06467644e-01   3.33074635e-01
  2.07238416e-01   3.34237202e-01
  2.08007079e-01   3.35395740e-01
  2.08773658e-01   3.36550290e-01
  2.09538177e-01   3.37700893e-01
  2.10300659e-01   3.38847588e-01
  2.11061128e-01   3.39990417e-01
  2.11819605e-01   3.41129416e-01
  2.12576113e-01   3.42264625e-01
  2.13330674e-01   3.43396082e-01
  2.14083310e-01   3.44523822e-01
  2.14834042e-01   3.45647883e-01
  2.15582890e-01   3.46768301e-01
  2.16329875e-01   3.47885110e-01
  2.17075018e-01   3.48998345e-01
  2.17818338e-01   3.50108041e-01
  2.18559854e-01   3.51214230e-01
  2.19299587e-01   3.52316946e-01
  2.20037554e-01   3.53416221e-01
  2.20773775e-01   3.54512088e-01
  2.21508268e-01   3.55604578e-01
  2.22241052e-01   3.56693722e-01
  2.22972143e-01   3.57779550e-01
  2.23701559e-01   3.58862093e-01
  2.24429319e-01   3.59941380e-01
  2.25155438e-01   3.61017440e-01
  2.25879933e-01   3.62090302e-01
  2.26602822e-01   3.63159995e-01
  2.27324120e-01   3.64226547e-01
  2.28043843e-01   3.65289984e-01
  2.28762008e-01   3.66350335e-01
  2.29478629e-01   3.67407625e-01
  2.30193722e-01   3.68461882e-01
  2.30907302e-01   3.69513130e-01
  2.31619385e-01   3.70561397e-01
  2.32329984e-01   3.71606706e-01
  2.33039114e-01   3.72649083e-01
  2.33746790e-01   3.73688552e-01
  2.34453026e-01   3.74725138e-01
  2.35157835e-01   3.75758865e-01
  2.35861231e-01   3.76789755e-01
  2.36563228e-01   3.77817833e-01
  2.37263839e-01   3.78843121e-01
  2.37963077e-01   3.79865641e-01
  2.38660956e-01   3.80885417e-01
  2.39357487e-01   3.81902469e-01
  2.40052684e-01   3.82916820e-01
  2.40746559e-01   3.83928491e-01
  2.41439124e-01   3.84937503e-01
  2.42130392e-01   3.85943877e-01
  2.42820374e-01   3.86947634e-01
  2.43509082e-01   3.87948794e-01
  2.44196528e-01   3.88947377e-01
  2.44882723e-01   3.89943403e-01
  2.45567679e-01   3.90936891e-01
  2.46251407e-01   3.91927860e-01
  2.46933918e-01   3.92916331e-01
  2.47615223e-01   3.93902320e-01
  2.48295333e-01   3.94885848e-01
  2.48974258e-01   3.95866933e-01
  2.49652009e-01   3.96845592e-01
  2.50328596e-01   3.97821843e-01
  2.51004030e-01   3.98795705e-01
  2.51678321e-01   3.99767194e-01
  2.52351478e-01   4.00736328e-01
  2.53023512e-01   4.01703124e-01
  2.53694433e-01   4.02667598e-01
  2.54364249e-01   4.03629768e-01
  2.55032971e-01   4.04589650e-01
  2.55700609e-01   4.05547260e-01
  2.56367170e-01   4.06502614e-01
  2.57032665e-01   4.07455728e-01
  2.57697103e-01   4.08406618e-01
  2.58360492e-01   4.09355299e-01
  2.59022842e-01   4.10301787e-01
  2.59684161e-01   4.11246096e-01
  2.60344459e-01   4.12188242e-01
  2.61003742e-01   4.13128239e-01
  2.61662021e-01   4.14066102e-01
  2.62319304e-01   4.15001846e-01
  2.62975598e-01   4.15935485e-01
  2.63630912e-01   4.16867032e-01
  2.64285254e-01   4.17796503e-01
  2.64938633e-01   4.18723910e-01
  2.65591055e-01   4.19649268e-01
  2.66242529e-01   4.20572590e-01
  2.66893063e-01   4.21493889e-01
  2.67542664e-01   4.22413179e-01
  2.68191340e-01   4.23330472e-01
  2.68839098e-01   4.24245783e-01
  2.69485946e-01   4.25159122e-01
  2.70131891e-01   4.26070504e-01
  2.70776941e-01   4.26979941e-01
  2.71421102e-01   4.27887444e-01
  2.72064381e-01   4.28793027e-01
  2.72706787e-01   4.29696701e-01
  2.73348325e-01   4.30598479e-01
  2.73989002e-01   4.31498373e-01
  2.74628826e-01   4.32396393e-01
  2.75267804e-01   4.33292552e-01
  2.75905940e-01   4.34186862e-01
  2.76543244e-01   4.35079333e-01
  2.77179720e-01   4.35969978e-01
  2.77815375e-01   4.36858806e-01
  2.78450216e-01   4.37745830e-01
  2.79084250e-01   4.38631060e-01
  2.79717481e-01   4.39514508e-01
  2.80349917e-01   4.40396182e-01
  2.80981564e-01   4.41276096e-01
  2.81612428e-01   4.42154258e-01
  2.82242515e-01   4.43030680e-01
  2.82871830e-01   4.43905371e-01
  2.83500380e-01   4.44778342e-01
  2.84128170e-01   4.45649603e-01
  2.84755207e-01   4.46519164e-01
  2.85381496e-01   4.47387035e-01
  2.86007042e-01   4.48253226e-01
  2.86631852e-01   4.49117746e-01
  2.87255931e-01   4.49980605e-01
  2.87879284e-01   4.50841812e-01
  2.88501917e-01   4.51701378e-01
  2.89123836e-01   4.52559311e-01
  2.89745045e-01   4.53415621e-01
  2.90365549e-01   4.54270317e-01
  2.90985355e-01   4.55123407e-01
  2.91604468e-01   4.55974902e-01
  2.92222892e-01   4.56824809e-01
  2.92840632e-01   4.57673138e-01
  2.93457695e-01   4.58519898e-01
  2.94074083e-01   4.59365096e-01
  2.94689804e-01   4.60208743e-01
  2.95304861e-01   4.61050845e-01
  2.95919260e-01   4.61891413e-01
  2.96533005e-01   4.62730453e-01
  2.97146101e-01   4.63567975e-01
  2.97758553e-01   4.64403987e-01
  2.98370365e-01   4.65238496e-01
  2.98981543e-01   4.66071511e-01
  2.99592090e-01   4.66903040e-01
  3.00202012e-01   4.67733090e-01
  3.00811312e-01   4.68561670e-01
  3.01419996e-01   4.69388788e-01
  3.02028068e-01   4.70214450e-01
  3.02635532e-01   4.71038665e-01
  3.03242393e-01   4.71861441e-01
  3.03848654e-01   4.72682784e-01
  3.04454321e-01   4.73502703e-01
  3.05059398e-01   4.74321205e-01
  3.05663888e-01   4.75138296e-01
  3.06267796e-01   4.75953985e-01
  3.06871126e-01   4.76768278e-01
  3.07473882e-01   4.77581183e-01
  3.08076069e-01   4.78392706e-01
  3.08677689e-01   4.79202855e-01
  3.09278749e-01   4.80011637e-01
  3.09879250e-01   4.80819058e-01
  3.10479198e-01   4.81625126e-01
  3.11078595e-01   4.82429847e-01
  3.11677447e-01   4.83233228e-01
  3.12275757e-01   4.84035275e-01
  3.12873528e-01   4.84835996e-01
  3.13470765e-01   4.85635396e-01
  3.14067471e-01   4.86433483e-01
  3.14663650e-01   4.87230262e-01
  3.15259305e-01   4.88025740e-01
  3.15854441e-01   4.88819924e-01
  3.16449060e-01   4.89612820e-01
  3.17043167e-01   4.90404434e-01
  3.17636765e-01   4.91194772e-01
  3.18229858e-01   4.91983840e-01
  3.18822449e-01   4.92771645e-01
  3.19414541e-01   4.93558193e-01
  3.20006138e-01   4.94343489e-01
  3.20597244e-01   4.95127539e-01
  3.21187862e-01   4.95910350e-01
  3.21777995e-01   4.96691927e-01
  3.22367646e-01   4.97472276e-01
  3.22956819e-01   4.98251403e-01
  3.23545518e-01   4.99029314e-01
  3.24133744e-01   4.99806014e-01
  3.24721503e-01   5.00581508e-01
  3.25308796e-01   5.01355803e-01
  3.25895628e-01   5.02128905e-01
  3.26482001e-01   5.02900817e-01
  3.27067918e-01   5.03671547e-01
  3.27653383e-01   5.04441099e-01
  3.28238398e-01   5.05209479e-01
  3.28822967e-01   5.05976692e-01
  3.29407093e-01   5.06742743e-01
  3.29990779e-01   5.07507638e-01
  3.30574027e-01   5.08271383e-01
  3.31156841e-01   5.09033981e-01
  3.31739224e-01   5.09795438e-01
  3.32321179e-01   5.10555760e-01
  3.32902709e-01   5.11314951e-01
  3.33483816e-01   5.12073017e-01
  3.34064504e-01   5.12829962e-01
  3.34644775e-01   5.13585791e-01
  3.35224632e-01   5.14340510e-01
  3.35804079e-01   5.15094122e-01
  3.36383117e-01   5.15846634e-01
  3.36961750e-01   5.16598050e-01
  3.37539981e-01   5.17348374e-01
  3.38117812e-01   5.18097612e-01
  3.38695246e-01   5.18845768e-01
  3.39272286e-01   5.19592847e-01
  3.39848934e-01   5.20338852e-01
  3.40425193e-01   5.21083790e-01
  3.41001066e-01   5.21827665e-01
  3.41576556e-01   5.22570480e-01
  3.42151665e-01   5.23312241e-01
  3.42726395e-01   5.24052953e-01
  3.43300750e-01   5.24792619e-01
  3.43874732e-01   5.25531243e-01
  3.44448344e-01   5.26268831e-01
  3.45021587e-01   5.27005387e-01
  3.45594466e-01   5.27740915e-01
  3.46166981e-01   5.28475419e-01
  3.46739136e-01   5.29208904e-01
  3.47310934e-01   5.29941373e-01
  3.47882376e-01   5.30672831e-01
  3.48453465e-01   5.31403283e-01
  3.49024204e-01   5.32132732e-01
  3.49594595e-01   5.32861182e-01
  3.50164640e-01   5.33588638e-01
  3.50734342e-01   5.34315104e-01
  3.51303704e-01   5.35040583e-01
  3.51872727e-01   5.35765079e-01
  3.52441414e-01   5.36488598e-01
  3.53009768e-01   5.37211142e-01
  3.53577790e-01   5.37932715e-01
  3.54145483e-01   5.38653322e-01
  3.54712850e-01   5.39372966e-01
  3.55279892e-01   5.40091651e-01
  3.55846612e-01   5.40809381e-01
  3.56413013e-01   5.41526160e-01
  3.56979096e-01   5.42241991e-01
  3.57544863e-01   5.42956879e-01
  3.58110318e-01   5.43670826e-01
  3.58675462e-01   5.44383838e-01
  3.59240297e-01   5.45095916e-01
  3.59804825e-01   5.45807066e-01
  3.60369050e-01   5.46517290e-01
  3.60932972e-01   5.47226592e-01
  3.61496594e-01   5.47934977e-01
  3.62059919e-01   5.48642446e-01
  3.62622948e-01   5.49349005e-01
  3.63185683e-01   5.50054656e-01
  3.63748127e-01   5.50759402e-01
  3.64310282e-01   5.51463249e-01
  3.64872149e-01   5.52166198e-01
  3.65433731e-01   5.52868253e-01
  3.65995031e-01   5.53569418e-01
  3.66556049e-01   5.54269695e-01
  3.67116788e-01   5.54969090e-01
  3.67677250e-01   5.55667604e-01
  3.68237437e-01   5.56365241e-01
  3.68797351e-01   5.57062004e-01
  3.69356994e-01   5.57757897e-01
  3.69916368e-01   5.58452922e-01
  3.70475476e-01   5.59147084e-01
  3.71034318e-01   5.59840385e-01
  3.71592897e-01   5.60532829e-01
  3.72151215e-01   5.61224418e-01
  3.72709274e-01   5.61915156e-01
  3.73267075e-01   5.62605046e-01
  3.73824622e-01   5.63294091e-01
  3.74381915e-01   5.63982294e-01
  3.74938956e-01   5.64669658e-01
  3.75495747e-01   5.65356187e-01
  3.76052291e-01   5.66041883e-01
  3.76608589e-01   5.66726750e-01
  3.77164643e-01   5.67410789e-01
  3.77720455e-01   5.68094005e-01
  3.78276026e-01   5.68776401e-01
  3.78831359e-01   5.69457979e-01
  3.79386455e-01   5.70138742e-01
  3.79941316e-01   5.70818693e-01
  3.80495944e-01   5.71497835e-01
  3.81050341e-01   5.72176171e-01
  3.81604508e-01   5.72853703e-01
  3.82158448e-01   5.73530436e-01
  3.82712161e-01   5.74206370e-01
  3.83265650e-01   5.74881510e-01
  3.83818917e-01   5.75555858e-01
  3.84371963e-01   5.76229417e-01
  3.84924790e-01   5.76902190e-01
  3.85477400e-01   5.77574179e-01
  3.86029795e-01   5.78245386e-01
  3.86581975e-01   5.78915816e-01
  3.87133943e-01   5.79585470e-01
  3.87685701e-01   5.80254352e-01
  3.88237250e-01   5.80922463e-01
  3.88788592e-01   5.81589806e-01
  3.89339729e-01   5.82256385e-01
  3.89890662e-01   5.82922202e-01
  3.90441392e-01   5.83587259e-01
  3.90991922e-01   5.84251559e-01
  3.91542254e-01   5.84915104e-01
  3.92092388e-01   5.85577897e-01
  3.92642327e-01   5.86239942e-01
  3.93192072e-01   5.86901239e-01
  3.93741624e-01   5.87561792e-01
  3.94290986e-01   5.88221603e-01
  3.94840158e-01   5.88880675e-01
  3.95389143e-01   5.89539011e-01
  3.95937942e-01   5.90196612e-01
  3.96486556e-01   5.90853481e-01
  3.97034988e-01   5.91509620e-01
  3.97583238e-01   5.92165033e-01
  3.98131309e-01   5.92819721e-01
  3.98679201e-01   5.93473686e-01
  3.99226917e-01   5.94126932e-01
  3.99774458e-01   5.94779461e-01
  4.00321825e-01   5.95431274e-01
  4.00869020e-01   5.96082374e-01
  4.01416044e-01   5.96732765e-01
  4.01962900e-01   5.97382447e-01
  4.02509588e-01   5.98031423e-01
  4.03056109e-01   5.98679696e-01
  4.03602466e-01   5.99327267e-01
  4.04148660e-01   5.99974140e-01
  4.04694693e-01   6.00620315e-01
  4.05240565e-01   6.01265797e-01
  4.05786279e-01   6.01910586e-01
  4.06331835e-01   6.02554685e-01
  4.06877235e-01   6.03198097e-01
  4.07422481e-01   6.03840823e-01
  4.07967574e-01   6.04482865e-01
  4.08512516e-01   6.05124227e-01
  4.09057308e-01   6.05764909e-01
  4.09601950e-01   6.06404914e-01
  4.10146446e-01   6.07044245e-01
  4.10690796e-01   6.07682903e-01
  4.11235001e-01   6.08320890e-01
  4.11779064e-01   6.08958209e-01
  4.12322984e-01   6.09594862e-01
  4.12866765e-01   6.10230851e-01
  4.13410406e-01   6.10866177e-01
  4.13953910e-01   6.11500844e-01
  4.14497278e-01   6.12134852e-01
  4.15040511e-01   6.12768204e-01
  4.15583611e-01   6.13400902e-01
  4.16126578e-01   6.14032949e-01
  4.16669415e-01   6.14664345e-01
  4.17212123e-01   6.15295094e-01
  4.17754702e-01   6.15925197e-01
  4.18297155e-01   6.16554655e-01
  4.18839482e-01   6.17183472e-01
  4.19381685e-01   6.17811649e-01
  4.19923765e-01   6.18439188e-01
  4.20465724e-01   6.19066090e-01
  4.21007563e-01   6.19692358e-01
  4.21549283e-01   6.20317994e-01
  4.22090885e-01   6.20943000e-01
  4.22632371e-01   6.21567377e-01
  4.23173743e-01   6.22191128e-01
  4.23715000e-01   6.22814254e-01
  4.24256145e-01   6.23436757e-01
  4.24797179e-01   6.24058639e-01
  4.25338103e-01   6.24679903e-01
  4.25878918e-01   6.25300548e-01
  4.26419626e-01   6.25920579e-01
  4.26960228e-01   6.26539996e-01
  4.27500725e-01   6.27158801e-01
  4.28041118e-01   6.27776996e-01
  4.28581409e-01   6.28394583e-01
  4.29121599e-01   6.29011563e-01
  4.29661688e-01   6.29627939e-01
  4.30201679e-01   6.30243713e-01
  4.30741573e-01   6.30858885e-01
  4.31281370e-01   6.31473458e-01
  4.31821073e-01   6.32087433e-01
  4.32360681e-01   6.32700812e-01
  4.32900197e-01   6.33313598e-01
  4.33439621e-01   6.33925791e-01
  4.33978955e-01   6.34537393e-01
  4.34518200e-01   6.35148407e-01
  4.35057357e-01   6.35758833e-01
  4.35596428e-01   6.36368674e-01
  4.36135413e-01   6.36977931e-01
  4.36674313e-01   6.37586606e-01
  4.37213131e-01   6.38194700e-01
  4.37751866e-01   6.38802215e-01
  4.38290520e-01   6.39409153e-01
  4.38829095e-01   6.40015516e-01
  4.39367592e-01   6.40621304e-01
  4.39906010e-01   6.41226521e-01
  4.40444353e-01   6.41831166e-01
  4.40982621e-01   6.42435243e-01
  4.41520814e-01   6.43038752e-01
  4.42058935e-01   6.43641695e-01
  4.42596984e-01   6.44244074e-01
  4.43134962e-01   6.44845890e-01
  4.43672871e-01   6.45447145e-01
  4.44210712e-01   6.46047841e-01
  4.44748485e-01   6.46647978e-01
  4.45286193e-01   6.47247559e-01
  4.45823835e-01   6.47846585e-01
  4.46361413e-01   6.48445058e-01
  4.46898929e-01   6.49042979e-01
  4.47436383e-01   6.49640349e-01
  4.47973776e-01   6.50237171e-01
  4.48511110e-01   6.50833445e-01
  4.49048385e-01   6.51429174e-01
  4.49585603e-01   6.52024359e-01
  4.50122765e-01   6.52619000e-01
  4.50659872e-01   6.53213100e-01
  4.51196924e-01   6.53806661e-01
  4.51733923e-01   6.54399683e-01
  4.52270871e-01   6.54992168e-01
  4.52807767e-01   6.55584118e-01
  4.53344614e-01   6.56175533e-01
  4.53881412e-01   6.56766416e-01
  4.54418162e-01   6.57356768e-01
  4.54954865e-01   6.57946591e-01
  4.55491523e-01   6.58535885e-01
  4.56028136e-01   6.59124652e-01
  4.56564705e-01   6.59712893e-01
  4.57101232e-01   6.60300611e-01
  4.57637718e-01   6.60887806e-01
  4.58174163e-01   6.61474480e-01
  4.58710568e-01   6.62060633e-01
  4.59246935e-01   6.62646269e-01
  4.59783265e-01   6.63231387e-01
  4.60319558e-01   6.63815990e-01
  4.60855816e-01   6.64400078e-01
  4.61392039e-01   6.64983653e-01
  4.61928230e-01   6.65566716e-01
  4.62464387e-01   6.66149269e-01
  4.63000514e-01   6.66731313e-01
  4.63536610e-01   6.67312849e-01
  4.64072676e-01   6.67893880e-01
  4.64608715e-01   6.68474405e-01
  4.65144726e-01   6.69054426e-01
  4.65680710e-01   6.69633945e-01
  4.66216669e-01   6.70212962e-01
  4.66752604e-01   6.70791480e-01
  4.67288515e-01   6.71369500e-01
  4.67824404e-01   6.71947022e-01
  4.68360272e-01   6.72524048e-01
  4.68896118e-01   6.73100580e-01
  4.69431946e-01   6.73676618e-01
  4.69967754e-01   6.74252165e-01
  4.70503545e-01   6.74827220e-01
  4.71039320e-01   6.75401785e-01
  4.71575078e-01   6.75975863e-01
  4.72110822e-01   6.76549453e-01
  4.72646552e-01   6.77122557e-01
  4.73182269e-01   6.77695177e-01
  4.73717974e-01   6.78267313e-01
  4.74253669e-01   6.78838967e-01
  4.74789353e-01   6.79410140e-01
  4.75325028e-01   6.79980833e-01
  4.75860695e-01   6.80551048e-01
  4.76396355e-01   6.81120785e-01
  4.76932008e-01   6.81690046e-01
  4.77467656e-01   6.82258832e-01
  4.78003300e-01   6.82827144e-01
  4.78538940e-01   6.83394984e-01
  4.79074578e-01   6.83962352e-01
  4.79610213e-01   6.84529251e-01
  4.80145848e-01   6.85095679e-01
  4.80681483e-01   6.85661640e-01
  4.81217120e-01   6.86227135e-01
  4.81752758e-01   6.86792163e-01
  4.82288399e-01   6.87356727e-01
  4.82824044e-01   6.87920828e-01
  4.83359693e-01   6.88484467e-01
  4.83895348e-01   6.89047644e-01
  4.84431009e-01   6.89610362e-01
  4.84966678e-01   6.90172621e-01
  4.85502355e-01   6.90734422e-01
  4.86038041e-01   6.91295767e-01
  4.86573738e-01   6.91856656e-01
  4.87109445e-01   6.92417091e-01
  4.87645163e-01   6.92977072e-01
  4.88180895e-01   6.93536602e-01
  4.88716640e-01   6.94095680e-01
  4.89252399e-01   6.94654308e-01
  4.89788174e-01   6.95212488e-01
  4.90323965e-01   6.95770220e-01
  4.90859773e-01   6.96327505e-01
  4.91395599e-01   6.96884344e-01
  4.91931443e-01   6.97440739e-01
  4.92467307e-01   6.97996690e-01
  4.93003192e-01   6.98552199e-01
  4.93539098e-01   6.99107266e-01
  4.94075026e-01   6.99661893e-01
  4.94610977e-01   7.00216081e-01
  4.95146952e-01   7.00769830e-01
  4.95682951e-01   7.01323143e-01
  4.96218977e-01   7.01876019e-01
  4.96755028e-01   7.02428460e-01
  4.97291107e-01   7.02980466e-01
  4.97827214e-01   7.03532040e-01
  4.98363350e-01   7.04083181e-01
  4.98899516e-01   7.04633892e-01
  4.99435712e-01   7.05184172e-01
  4.99971940e-01   7.05734024e-01
  5.00508200e-01   7.06283447e-01
  5.01044493e-01   7.06832443e-01
  5.01580820e-01   7.07381013e-01
  5.02117182e-01   7.07929158e-01
  5.02653580e-01   7.08476879e-01
  5.03190013e-01   7.09024177e-01
  5.03726485e-01   7.09571052e-01
  5.04262994e-01   7.10117507e-01
  5.04799542e-01   7.10663541e-01
  5.05336130e-01   7.11209156e-01
  5.05872758e-01   7.11754353e-01
  5.06409429e-01   7.12299133e-01
  5.06946141e-01   7.12843496e-01
  5.07482898e-01   7.13387444e-01
  5.08019698e-01   7.13930977e-01
  5.08556543e-01   7.14474097e-01
  5.09093435e-01   7.15016804e-01
  5.09630374e-01   7.15559100e-01
  5.10167360e-01   7.16100985e-01
  5.10704396e-01   7.16642460e-01
  5.11241481e-01   7.17183527e-01
  5.11778617e-01   7.17724185e-01
  5.12315804e-01   7.18264437e-01
  5.12853045e-01   7.18804283e-01
  5.13390339e-01   7.19343723e-01
  5.13927687e-01   7.19882759e-01
  5.14465091e-01   7.20421392e-01
  5.15002552e-01   7.20959623e-01
  5.15540070e-01   7.21497452e-01
  5.16077647e-01   7.22034880e-01
  5.16615283e-01   7.22571908e-01
  5.17152980e-01   7.23108538e-01
  5.17690738e-01   7.23644770e-01
  5.18228559e-01   7.24180605e-01
  5.18766444e-01   7.24716043e-01
  5.19304393e-01   7.25251087e-01
  5.19842408e-01   7.25785736e-01
  5.20380490e-01   7.26319991e-01
  5.20918640e-01   7.26853854e-01
  5.21456858e-01   7.27387324e-01
  5.21995146e-01   7.27920404e-01
  5.22533505e-01   7.28453094e-01
  5.23071937e-01   7.28985394e-01
  5.23610441e-01   7.29517306e-01
  5.24149020e-01   7.30048831e-01
  5.24687674e-01   7.30579969e-01
  5.25226404e-01   7.31110721e-01
  5.25765212e-01   7.31641088e-01
  5.26304098e-01   7.32171070e-01
  5.26843064e-01   7.32700670e-01
  5.27382111e-01   7.33229887e-01
  5.27921240e-01   7.33758722e-01
  5.28460452e-01   7.34287176e-01
  5.28999749e-01   7.34815250e-01
  5.29539131e-01   7.35342945e-01
  5.30078599e-01   7.35870262e-01
  5.30618155e-01   7.36397201e-01
  5.31157799e-01   7.36923763e-01
  5.31697534e-01   7.37449950e-01
  5.32237360e-01   7.37975761e-01
  5.32777279e-01   7.38501197e-01
  5.33317290e-01   7.39026261e-01
  5.33857397e-01   7.39550951e-01
  5.34397599e-01   7.40075269e-01
  5.34937899e-01   7.40599216e-01
  5.35478297e-01   7.41122793e-01
  5.36018794e-01   7.41646000e-01
  5.36559392e-01   7.42168839e-01
  5.37100092e-01   7.42691309e-01
  5.37640895e-01   7.43213412e-01
  5.38181802e-01   7.43735148e-01
  5.38722815e-01   7.44256519e-01
  5.39263935e-01   7.44777524e-01
  5.39805163e-01   7.45298166e-01
  5.40346500e-01   7.45818444e-01
  5.40887948e-01   7.46338359e-01
  5.41429508e-01   7.46857913e-01
  5.41971180e-01   7.47377105e-01
  5.42512967e-01   7.47895937e-01
  5.43054870e-01   7.48414409e-01
  5.43596890e-01   7.48932522e-01
  5.44139027e-01   7.49450277e-01
  5.44681284e-01   7.49967675e-01
  5.45223662e-01   7.50484715e-01
  5.45766162e-01   7.51001400e-01
  5.46308785e-01   7.51517730e-01
  5.46851533e-01   7.52033705e-01
  5.47394407e-01   7.52549326e-01
  5.47937408e-01   7.53064595e-01
  5.48480538e-01   7.53579511e-01
  5.49023798e-01   7.54094075e-01
  5.49567189e-01   7.54608289e-01
  5.50110713e-01   7.55122152e-01
  5.50654372e-01   7.55635666e-01
  5.51198166e-01   7.56148831e-01
  5.51742097e-01   7.56661648e-01
  5.52286167e-01   7.57174118e-01
  5.52830377e-01   7.57686242e-01
  5.53374728e-01   7.58198019e-01
  5.53919223e-01   7.58709451e-01
  5.54463862e-01   7.59220539e-01
  5.55008646e-01   7.59731282e-01
  5.55553579e-01   7.60241683e-01
  5.56098660e-01   7.60751741e-01
  5.56643893e-01   7.61261458e-01
  5.57189277e-01   7.61770833e-01
  5.57734815e-01   7.62279868e-01
  5.58280508e-01   7.62788563e-01
  5.58826359e-01   7.63296920e-01
  5.59372368e-01   7.63804938e-01
  5.59918537e-01   7.64312618e-01
  5.60464868e-01   7.64819961e-01
  5.61011362e-01   7.65326968e-01
  5.61558021e-01   7.65833640e-01
  5.62104847e-01   7.66339976e-01
  5.62651842e-01   7.66845978e-01
  5.63199006e-01   7.67351646e-01
  5.63746343e-01   7.67856982e-01
  5.64293853e-01   7.68361985e-01
  5.64841538e-01   7.68866656e-01
  5.65389400e-01   7.69370996e-01
  5.65937441e-01   7.69875006e-01
  5.66485662e-01   7.70378686e-01
  5.67034065e-01   7.70882037e-01
  5.67582653e-01   7.71385060e-01
  5.68131426e-01   7.71887755e-01
  5.68680387e-01   7.72390122e-01
  5.69229537e-01   7.72892163e-01
  5.69778879e-01   7.73393879e-01
  5.70328413e-01   7.73895269e-01
  5.70878143e-01   7.74396334e-01
  5.71428069e-01   7.74897075e-01
  5.71978193e-01   7.75397493e-01
  5.72528518e-01   7.75897588e-01
  5.73079046e-01   7.76397361e-01
  5.73629778e-01   7.76896813e-01
  5.74180715e-01   7.77395944e-01
  5.74731861e-01   7.77894754e-01
  5.75283217e-01   7.78393245e-01
  5.75834785e-01   7.78891416e-01
  5.76386566e-01   7.79389270e-01
  5.76938563e-01   7.79886805e-01
  5.77490778e-01   7.80384024e-01
  5.78043213e-01   7.80880925e-01
  5.78595869e-01   7.81377511e-01
  5.79148749e-01   7.81873781e-01
  5.79701855e-01   7.82369737e-01
  5.80255188e-01   7.82865378e-01
  5.80808751e-01   7.83360706e-01
  5.81362546e-01   7.83855720e-01
  5.81916574e-01   7.84350423e-01
  5.82470839e-01   7.84844813e-01
  5.83025341e-01   7.85338893e-01
  5.83580083e-01   7.85832661e-01
  5.84135067e-01   7.86326120e-01
  5.84690295e-01   7.86819269e-01
  5.85245769e-01   7.87312109e-01
  5.85801492e-01   7.87804641e-01
  5.86357464e-01   7.88296865e-01
  5.86913690e-01   7.88788782e-01
  5.87470170e-01   7.89280392e-01
  5.88026907e-01   7.89771697e-01
  5.88583902e-01   7.90262696e-01
  5.89141159e-01   7.90753390e-01
  5.89698679e-01   7.91243779e-01
  5.90256464e-01   7.91733865e-01
  5.90814517e-01   7.92223648e-01
  5.91372840e-01   7.92713128e-01
  5.91931434e-01   7.93202307e-01
  5.92490303e-01   7.93691183e-01
  5.93049449e-01   7.94179759e-01
  5.93608874e-01   7.94668034e-01
  5.94168580e-01   7.95156010e-01
  5.94728570e-01   7.95643686e-01
  5.95288845e-01   7.96131064e-01
  5.95849409e-01   7.96618143e-01
  5.96410264e-01   7.97104925e-01
  5.96971413e-01   7.97591409e-01
  5.97532857e-01   7.98077597e-01
  5.98094599e-01   7.98563489e-01
  5.98656642e-01   7.99049086e-01
  5.99218988e-01   7.99534387e-01
  5.99781640e-01   8.00019395e-01
  6.00344601e-01   8.00504108e-01
  6.00907873e-01   8.00988528e-01
  6.01471458e-01   8.01472655e-01
  6.02035359e-01   8.01956490e-01
  6.02599580e-01   8.02440034e-01
  6.03164121e-01   8.02923286e-01
  6.03728987e-01   8.03406247e-01
  6.04294181e-01   8.03888919e-01
  6.04859703e-01   8.04371300e-01
  6.05425558e-01   8.04853393e-01
  6.05991749e-01   8.05335197e-01
  6.06558277e-01   8.05816712e-01
  6.07125146e-01   8.06297941e-01
  6.07692359e-01   8.06778882e-01
  6.08259918e-01   8.07259537e-01
  6.08827827e-01   8.07739905e-01
  6.09396088e-01   8.08219989e-01
  6.09964704e-01   8.08699787e-01
  6.10533678e-01   8.09179301e-01
  6.11103013e-01   8.09658530e-01
  6.11672712e-01   8.10137476e-01
  6.12242777e-01   8.10616140e-01
  6.12813213e-01   8.11094520e-01
  6.13384022e-01   8.11572619e-01
  6.13955206e-01   8.12050437e-01
  6.14526770e-01   8.12527973e-01
  6.15098716e-01   8.13005229e-01
  6.15671047e-01   8.13482205e-01
  6.16243766e-01   8.13958901e-01
  6.16816876e-01   8.14435318e-01
  6.17390381e-01   8.14911457e-01
  6.17964284e-01   8.15387318e-01
  6.18538587e-01   8.15862901e-01
  6.19113294e-01   8.16338207e-01
  6.19688409e-01   8.16813237e-01
  6.20263934e-01   8.17287990e-01
  6.20839873e-01   8.17762468e-01
  6.21416229e-01   8.18236671e-01
  6.21993005e-01   8.18710599e-01
  6.22570204e-01   8.19184252e-01
  6.23147830e-01   8.19657633e-01
  6.23725887e-01   8.20130739e-01
  6.24304376e-01   8.20603574e-01
  6.24883303e-01   8.21076135e-01
  6.25462670e-01   8.21548425e-01
  6.26042480e-01   8.22020444e-01
  6.26622738e-01   8.22492192e-01
  6.27203445e-01   8.22963669e-01
  6.27784607e-01   8.23434877e-01
  6.28366226e-01   8.23905815e-01
  6.28948305e-01   8.24376483e-01
  6.29530849e-01   8.24846884e-01
  6.30113860e-01   8.25317016e-01
  6.30697343e-01   8.25786881e-01
  6.31281300e-01   8.26256478e-01
  6.31865736e-01   8.26725809e-01
  6.32450654e-01   8.27194873e-01
  6.33036056e-01   8.27663671e-01
  6.33621948e-01   8.28132204e-01
  6.34208333e-01   8.28600473e-01
  6.34795213e-01   8.29068476e-01
  6.35382594e-01   8.29536216e-01
  6.35970478e-01   8.30003692e-01
  6.36558869e-01   8.30470905e-01
  6.37147771e-01   8.30937855e-01
  6.37737187e-01   8.31404543e-01
  6.38327122e-01   8.31870969e-01
  6.38917579e-01   8.32337134e-01
  6.39508562e-01   8.32803038e-01
  6.40100074e-01   8.33268681e-01
  6.40692121e-01   8.33734064e-01
  6.41284705e-01   8.34199188e-01
  6.41877830e-01   8.34664053e-01
  6.42471501e-01   8.35128658e-01
  6.43065721e-01   8.35593006e-01
  6.43660495e-01   8.36057095e-01
  6.44255826e-01   8.36520927e-01
  6.44851719e-01   8.36984502e-01
  6.45448177e-01   8.37447820e-01
  6.46045205e-01   8.37910883e-01
  6.46642807e-01   8.38373689e-01
  6.47240987e-01   8.38836240e-01
  6.47839749e-01   8.39298536e-01
  6.48439098e-01   8.39760578e-01
  6.49039038e-01   8.40222365e-01
  6.49639572e-01   8.40683899e-01
  6.50240706e-01   8.41145180e-01
  6.50842443e-01   8.41606208e-01
  6.51444789e-01   8.42066983e-01
  6.52047747e-01   8.42527506e-01
  6.52651321e-01   8.42987778e-01
  6.53255517e-01   8.43447799e-01
  6.53860338e-01   8.43907569e-01
  6.54465789e-01   8.44367088e-01
  6.55071875e-01   8.44826358e-01
  6.55678600e-01   8.45285378e-01
  6.56285969e-01   8.45744149e-01
  6.56893986e-01   8.46202671e-01
  6.57502656e-01   8.46660945e-01
  6.58111983e-01   8.47118971e-01
  6.58721972e-01   8.47576749e-01
  6.59332628e-01   8.48034281e-01
  6.59943955e-01   8.48491565e-01
  6.60555958e-01   8.48948604e-01
  6.61168642e-01   8.49405396e-01
  6.61782012e-01   8.49861943e-01
  6.62396072e-01   8.50318245e-01
  6.63010828e-01   8.50774302e-01
  6.63626283e-01   8.51230114e-01
  6.64242443e-01   8.51685683e-01
  6.64859313e-01   8.52141008e-01
  6.65476897e-01   8.52596090e-01
  6.66095200e-01   8.53050929e-01
  6.66714228e-01   8.53505526e-01
  6.67333986e-01   8.53959881e-01
  6.67954477e-01   8.54413994e-01
  6.68575708e-01   8.54867866e-01
  6.69197684e-01   8.55321498e-01
  6.69820408e-01   8.55774888e-01
  6.70443887e-01   8.56228039e-01
  6.71068125e-01   8.56680950e-01
  6.71693128e-01   8.57133621e-01
  6.72318900e-01   8.57586054e-01
  6.72945448e-01   8.58038248e-01
  6.73572775e-01   8.58490204e-01
  6.74200887e-01   8.58941922e-01
  6.74829789e-01   8.59393403e-01
  6.75459487e-01   8.59844647e-01
  6.76089986e-01   8.60295653e-01
  6.76721290e-01   8.60746424e-01
  6.77353406e-01   8.61196959e-01
  6.77986338e-01   8.61647258e-01
  6.78620092e-01   8.62097322e-01
  6.79254673e-01   8.62547151e-01
  6.79890086e-01   8.62996745e-01
  6.80526337e-01   8.63446106e-01
  6.81163432e-01   8.63895233e-01
  6.81801374e-01   8.64344126e-01
  6.82440171e-01   8.64792786e-01
  6.83079827e-01   8.65241214e-01
  6.83720348e-01   8.65689409e-01
  6.84361739e-01   8.66137373e-01
  6.85004006e-01   8.66585105e-01
  6.85647155e-01   8.67032606e-01
  6.86291190e-01   8.67479875e-01
  6.86936117e-01   8.67926915e-01
  6.87581943e-01   8.68373724e-01
  6.88228673e-01   8.68820304e-01
  6.88876313e-01   8.69266654e-01
  6.89524869e-01   8.69712775e-01
  6.90174346e-01   8.70158667e-01
  6.90824752e-01   8.70604331e-01
  6.91476091e-01   8.71049767e-01
  6.92128371e-01   8.71494975e-01
  6.92781597e-01   8.71939956e-01
  6.93435776e-01   8.72384710e-01
  6.94090914e-01   8.72829237e-01
  6.94747018e-01   8.73273538e-01
  6.95404094e-01   8.73717613e-01
  6.96062148e-01   8.74161462e-01
  6.96721188e-01   8.74605087e-01
  6.97381220e-01   8.75048486e-01
  6.98042250e-01   8.75491661e-01
  6.98704286e-01   8.75934611e-01
  6.99367334e-01   8.76377338e-01
  7.00031402e-01   8.76819841e-01
  7.00696496e-01   8.77262121e-01
  7.01362623e-01   8.77704178e-01
  7.02029791e-01   8.78146012e-01
  7.02698006e-01   8.78587625e-01
  7.03367276e-01   8.79029015e-01
  7.04037608e-01   8.79470184e-01
  7.04709009e-01   8.79911132e-01
  7.05381488e-01   8.80351859e-01
  7.06055050e-01   8.80792365e-01
  7.06729704e-01   8.81232651e-01
  7.07405458e-01   8.81672717e-01
  7.08082318e-01   8.82112564e-01
  7.08760293e-01   8.82552192e-01
  7.09439391e-01   8.82991600e-01
  7.10119618e-01   8.83430790e-01
  7.10800983e-01   8.83869762e-01
  7.11483494e-01   8.84308516e-01
  7.12167159e-01   8.84747052e-01
  7.12851985e-01   8.85185372e-01
  7.13537981e-01   8.85623474e-01
  7.14225154e-01   8.86061359e-01
  7.14913514e-01   8.86499029e-01
  7.15603068e-01   8.86936482e-01
  7.16293824e-01   8.87373719e-01
  7.16985790e-01   8.87810742e-01
  7.17678976e-01   8.88247549e-01
  7.18373388e-01   8.88684142e-01
  7.19069037e-01   8.89120520e-01
  7.19765930e-01   8.89556684e-01
  7.20464075e-01   8.89992634e-01
  7.21163482e-01   8.90428371e-01
  7.21864159e-01   8.90863895e-01
  7.22566115e-01   8.91299206e-01
  7.23269358e-01   8.91734304e-01
  7.23973897e-01   8.92169191e-01
  7.24679741e-01   8.92603865e-01
  7.25386899e-01   8.93038328e-01
  7.26095379e-01   8.93472580e-01
  7.26805191e-01   8.93906620e-01
  7.27516344e-01   8.94340450e-01
  7.28228846e-01   8.94774070e-01
  7.28942707e-01   8.95207479e-01
  7.29657936e-01   8.95640679e-01
  7.30374542e-01   8.96073670e-01
  7.31092534e-01   8.96506451e-01
  7.31811922e-01   8.96939024e-01
  7.32532714e-01   8.97371388e-01
  7.33254921e-01   8.97803543e-01
  7.33978551e-01   8.98235491e-01
  7.34703614e-01   8.98667231e-01
  7.35430119e-01   8.99098764e-01
  7.36158076e-01   8.99530090e-01
  7.36887494e-01   8.99961209e-01
  7.37618383e-01   9.00392122e-01
  7.38350752e-01   9.00822829e-01
  7.39084612e-01   9.01253330e-01
  7.39819972e-01   9.01683625e-01
  7.40556841e-01   9.02113715e-01
  7.41295229e-01   9.02543600e-01
  7.42035147e-01   9.02973280e-01
  7.42776604e-01   9.03402756e-01
  7.43519611e-01   9.03832028e-01
  7.44264177e-01   9.04261096e-01
  7.45010313e-01   9.04689961e-01
  7.45758029e-01   9.05118622e-01
  7.46507336e-01   9.05547081e-01
  7.47258244e-01   9.05975337e-01
  7.48010764e-01   9.06403390e-01
  7.48764906e-01   9.06831242e-01
  7.49520682e-01   9.07258892e-01
  7.50278103e-01   9.07686340e-01
  7.51037178e-01   9.08113587e-01
  7.51797920e-01   9.08540633e-01
  7.52560339e-01   9.08967479e-01
  7.53324447e-01   9.09394124e-01
  7.54090254e-01   9.09820569e-01
  7.54857773e-01   9.10246814e-01
  7.55627015e-01   9.10672860e-01
  7.56397991e-01   9.11098707e-01
  7.57170713e-01   9.11524354e-01
  7.57945193e-01   9.11949803e-01
  7.58721442e-01   9.12375054e-01
  7.59499472e-01   9.12800106e-01
  7.60279296e-01   9.13224961e-01
  7.61060925e-01   9.13649618e-01
  7.61844371e-01   9.14074078e-01
  7.62629646e-01   9.14498341e-01
  7.63416764e-01   9.14922407e-01
  7.64205735e-01   9.15346276e-01
  7.64996572e-01   9.15769950e-01
  7.65789288e-01   9.16193427e-01
  7.66583896e-01   9.16616709e-01
  7.67380407e-01   9.17039795e-01
  7.68178835e-01   9.17462687e-01
  7.68979193e-01   9.17885383e-01
  7.69781492e-01   9.18307885e-01
  7.70585746e-01   9.18730193e-01
  7.71391968e-01   9.19152306e-01
  7.72200171e-01   9.19574226e-01
  7.73010367e-01   9.19995952e-01
  7.73822570e-01   9.20417485e-01
  7.74636793e-01   9.20838826e-01
  7.75453047e-01   9.21259973e-01
  7.76271347e-01   9.21680928e-01
  7.77091705e-01   9.22101691e-01
  7.77914133e-01   9.22522262e-01
  7.78738645e-01   9.22942641e-01
  7.79565254e-01   9.23362829e-01
  7.80393972e-01   9.23782826e-01
  7.81224811e-01   9.24202632e-01
  7.82057786e-01   9.24622247e-01
  7.82892907e-01   9.25041672e-01
  7.83730189e-01   9.25460907e-01
  7.84569644e-01   9.25879952e-01
  7.85411284e-01   9.26298807e-01
  7.86255123e-01   9.26717473e-01
  7.87101172e-01   9.27135950e-01
  7.87949444e-01   9.27554239e-01
  7.88799953e-01   9.27972338e-01
  7.89652710e-01   9.28390250e-01
  7.90507729e-01   9.28807973e-01
  7.91365021e-01   9.29225509e-01
  7.92224599e-01   9.29642857e-01
  7.93086477e-01   9.30060018e-01
  7.93950665e-01   9.30476992e-01
  7.94817177e-01   9.30893779e-01
  7.95686026e-01   9.31310379e-01
  7.96557223e-01   9.31726793e-01
  7.97430781e-01   9.32143022e-01
  7.98306713e-01   9.32559064e-01
  7.99185030e-01   9.32974921e-01
  8.00065745e-01   9.33390593e-01
  8.00948872e-01   9.33806079e-01
  8.01834420e-01   9.34221381e-01
  8.02722404e-01   9.34636498e-01
  8.03612835e-01   9.35051431e-01
  8.04505726e-01   9.35466180e-01
  8.05401089e-01   9.35880745e-01
  8.06298935e-01   9.36295127e-01
  8.07199278e-01   9.36709325e-01
  8.08102129e-01   9.37123340e-01
  8.09007501e-01   9.37537173e-01
  8.09915406e-01   9.37950823e-01
  8.10825856e-01   9.38364290e-01
  8.11738863e-01   9.38777575e-01
  8.12654440e-01   9.39190679e-01
  8.13572599e-01   9.39603601e-01
  8.14493352e-01   9.40016341e-01
  8.15416712e-01   9.40428900e-01
  8.16342691e-01   9.40841279e-01
  8.17271301e-01   9.41253477e-01
  8.18202554e-01   9.41665494e-01
  8.19136463e-01   9.42077331e-01
  8.20073040e-01   9.42488988e-01
  8.21012298e-01   9.42900465e-01
  8.21954248e-01   9.43311763e-01
  8.22898903e-01   9.43722882e-01
  8.23846275e-01   9.44133822e-01
  8.24796378e-01   9.44544583e-01
  8.25749222e-01   9.44955165e-01
  8.26704820e-01   9.45365569e-01
  8.27663185e-01   9.45775795e-01
  8.28624329e-01   9.46185843e-01
  8.29588264e-01   9.46595713e-01
  8.30555003e-01   9.47005406e-01
  8.31524557e-01   9.47414922e-01
  8.32496940e-01   9.47824261e-01
  8.33472163e-01   9.48233423e-01
  8.34450239e-01   9.48642409e-01
  8.35431181e-01   9.49051219e-01
  8.36414999e-01   9.49459852e-01
  8.37401708e-01   9.49868310e-01
  8.38391318e-01   9.50276592e-01
  8.39383843e-01   9.50684699e-01
  8.40379295e-01   9.51092630e-01
  8.41377685e-01   9.51500387e-01
  8.42379027e-01   9.51907969e-01
  8.43383332e-01   9.52315377e-01
  8.44390613e-01   9.52722610e-01
  8.45400882e-01   9.53129670e-01
  8.46414152e-01   9.53536556e-01
  8.47430436e-01   9.53943268e-01
  8.48449747e-01   9.54349806e-01
  8.49472097e-01   9.54756172e-01
  8.50497500e-01   9.55162365e-01
  8.51525970e-01   9.55568385e-01
  8.52557520e-01   9.55974233e-01
  8.53592163e-01   9.56379908e-01
  8.54629914e-01   9.56785412e-01
  8.55670787e-01   9.57190744e-01
  8.56714795e-01   9.57595904e-01
  8.57761954e-01   9.58000892e-01
  8.58812276e-01   9.58405710e-01
  8.59865778e-01   9.58810357e-01
  8.60922473e-01   9.59214833e-01
  8.61982377e-01   9.59619138e-01
  8.63045504e-01   9.60023274e-01
  8.64111870e-01   9.60427239e-01
  8.65181491e-01   9.60831034e-01
  8.66254382e-01   9.61234660e-01
  8.67330562e-01   9.61638116e-01
  8.68410051e-01   9.62041403e-01
  8.69492870e-01   9.62444521e-01
  8.70579039e-01   9.62847471e-01
  8.71668583e-01   9.63250252e-01
  8.72761526e-01   9.63652864e-01
  8.73857894e-01   9.64055308e-01
  8.74957712e-01   9.64457585e-01
  8.76061011e-01   9.64859693e-01
  8.77167819e-01   9.65261635e-01
  8.78278167e-01   9.65663408e-01
  8.79392086e-01   9.66065015e-01
  8.80509610e-01   9.66466455e-01
  8.81630772e-01   9.66867728e-01
  8.82755609e-01   9.67268835e-01
  8.83884157e-01   9.67669775e-01
  8.85016453e-01   9.68070550e-01
  8.86152537e-01   9.68471158e-01
  8.87292448e-01   9.68871601e-01
  8.88436230e-01   9.69271879e-01
  8.89583925e-01   9.69671991e-01
  8.90735582e-01   9.70071938e-01
  8.91891249e-01   9.70471721e-01
  8.93050976e-01   9.70871339e-01
  8.94214816e-01   9.71270792e-01
  8.95382825e-01   9.71670081e-01
  8.96555059e-01   9.72069206e-01
  8.97731578e-01   9.72468167e-01
  8.98912442e-01   9.72866965e-01
  9.00097715e-01   9.73265599e-01
  9.01287463e-01   9.73664071e-01
  9.02481751e-01   9.74062379e-01
  9.03680650e-01   9.74460524e-01
  9.04884230e-01   9.74858507e-01
  9.06092564e-01   9.75256327e-01
  9.07305728e-01   9.75653985e-01
  9.08523798e-01   9.76051481e-01
  9.09746852e-01   9.76448815e-01
  9.10974973e-01   9.76845988e-01
  9.12208245e-01   9.77242999e-01
  9.13446758e-01   9.77639849e-01
  9.14690608e-01   9.78036538e-01
  9.15939893e-01   9.78433066e-01
  9.17194719e-01   9.78829433e-01
  9.18455193e-01   9.79225640e-01
  9.19721430e-01   9.79621687e-01
  9.20993547e-01   9.80017574e-01
  9.22271668e-01   9.80413301e-01
  9.23555918e-01   9.80808868e-01
  9.24846417e-01   9.81204276e-01
  9.26143282e-01   9.81599524e-01
  9.27446621e-01   9.81994614e-01
  9.28756536e-01   9.82389544e-01
  9.30073123e-01   9.82784316e-01
  9.31396469e-01   9.83178929e-01
  9.32726658e-01   9.83573384e-01
  9.34063764e-01   9.83967681e-01
  9.35407856e-01   9.84361820e-01
  9.36759008e-01   9.84755801e-01
  9.38117325e-01   9.85149625e-01
  9.39482962e-01   9.85543291e-01
  9.40856129e-01   9.85936800e-01
  9.42237087e-01   9.86330152e-01
  9.43626149e-01   9.86723347e-01
  9.45023682e-01   9.87116386e-01
  9.46430100e-01   9.87509268e-01
  9.47845872e-01   9.87901994e-01
  9.49271515e-01   9.88294564e-01
  9.50707565e-01   9.88686978e-01
  9.52154477e-01   9.89079236e-01
  9.53612552e-01   9.89471339e-01
  9.55081929e-01   9.89863286e-01
  9.56562582e-01   9.90255078e-01
  9.58054327e-01   9.90646716e-01
  9.59556819e-01   9.91038198e-01
  9.61069558e-01   9.91429526e-01
  9.62591885e-01   9.91820700e-01
  9.64122985e-01   9.92211719e-01
  9.65662002e-01   9.92602585e-01
  9.67208437e-01   9.92993296e-01
  9.68762486e-01   9.93383854e-01
  9.70325080e-01   9.93774259e-01
  9.71897880e-01   9.94164510e-01
  9.73483270e-01   9.94554608e-01
  9.75084352e-01   9.94944552e-01
  9.76704940e-01   9.95334345e-01
  9.78349552e-01   9.95723984e-01
  9.80023405e-01   9.96113471e-01
  9.81732404e-01   9.96502806e-01
  9.83483140e-01   9.96891989e-01
  9.85282877e-01   9.97281020e-01
  9.87139543e-01   9.97669900e-01
  9.89061722e-01   9.98058628e-01
  9.91058641e-01   9.98447204e-01
  9.93140156e-01   9.98835629e-01
  9.95316742e-01   9.99223904e-01
  9.97599471e-01   9.99612027e-01
  1.00000000e+00   1.00000000e+00
