r/a			PBE			ECH			PBI				rho_tor			area
0.025641		0.254237		-0.0534626		0.156751			0.02018318		1.321981
0.0769231		0.285295		-0.051535		0.179168			0.0607854		3.963549
0.128205		0.279338		-0.0470187		0.172761			0.1015674		6.572262
0.179487		0.251806		-0.0415326		0.145037			0.1427215		9.164168
0.230769		0.222077		-0.0346918		0.126784			0.1845175		11.70127
0.282051		0.186314		-0.0254556		0.113063			0.227172		14.16646
0.333333		0.15612			-0.0112343		0.0958182			0.2708497		16.55491
0.384615		0.13469			0.00726729		0.0799129			0.3157072		18.83187
0.435897		0.114075		0.0248428		0.0678646			0.3618517		20.97824
0.48718			0.0972741		0.0382334		0.0559404			0.4093927		22.97656
0.538462		0.07424			0.0474502		0.0442059			0.4584103		24.79087
0.589744		0.0607074		0.0522891		0.0341905			0.5089185		26.40272
0.641026		0.0448304		0.0529168		0.0255782			0.5608984		27.75016
0.692308		0.035155		0.0490554		0.0179507			0.6142445		28.72117
0.74359			0.0274764		0.0403207		0.0119519			0.668883		29.03024
0.794872		0.020676		0.0295552		0.00810776			0.7251198		28.29114
0.846154		0.0179367		0.0185723		0.00535885			0.7837444		26.90834
0.897436		0.0162884		0.00849265		0.00311228			0.8460099		25.76520
0.948718		0.0185095		0.000974659		0.00189872			0.9140691		25.05922
1			0.0256193		-0.00180444		0.00146842			1			28.32584
