r/a			        PBE			        ECH			        PBI		        rho_tor                 area    
0.0126582			1.18284				0.0296956			0.833575		0.009711818		5.589275E-01
0.0379747			1.07988				0.0288703			0.775405		0.02918329		1.675594E+00
0.0632911			0.987366			0.0278873			0.720735		0.04873275		2.793218E+00
0.0886076			0.95273				0.0271256			0.690892		0.06830127		3.904061E+00
0.113924			0.941405			0.0264453			0.670209		0.08785386		5.009970E+00
0.139241			0.915495			0.0256309			0.639729		0.1074303		6.124446E+00
0.164557			0.875601			0.0248496			0.598884		0.1270965		7.212271E+00
0.189873			0.824191			0.0243157			0.544264		0.1468519		8.284485E+00
0.215191			0.765033			0.0239937			0.484405		0.1667381		9.355158E+00
0.240506			0.704107			0.0244727			0.442931		0.1867538		1.043486E+01
0.265823			0.638918			0.0259939			0.413298		0.206925		1.147804E+01
0.291139			0.557872			0.0277121			0.367759		0.2272643		1.252198E+01
0.316456			0.466595			0.0293432			0.308341		0.2477751		1.353014E+01
0.341772			0.388811			0.0308821			0.25634			0.2684958		1.453006E+01
0.367089			0.32645				0.0317484			0.214503		0.2894158		1.548885E+01
0.392405			0.274555			0.0324473			0.180336		0.3105717		1.643775E+01
0.417722			0.229855			0.0326929			0.151341		0.3319666		1.736417E+01
0.443038			0.1878				0.0333253			0.122737		0.3536094		1.827168E+01
0.468354			0.149231			0.0336247			0.094576		0.375531		1.914019E+01
0.493671			0.122692			0.0344549			0.0719008		0.3977435		1.997966E+01
0.518987			0.107601			0.0350546			0.0552099		0.4202535		2.078477E+01
0.544304			0.0958437			0.0360241			0.0430651		0.4430946		2.155501E+01
0.569621			0.0851959			0.0368756			0.0344226		0.4662714		2.229495E+01
0.594937			0.0750177			0.0380675			0.0270404		0.4898191		2.299826E+01
0.620253			0.0657414			0.0386368			0.0205011		0.5137521		2.366333E+01
0.645571			0.0598215			0.0402262			0.0154572		0.5381008		2.428588E+01
0.670886			0.0565443			0.0414404			0.0118718		0.562909		2.486064E+01
0.696203			0.0502245			0.0433716			0.0089059		0.5882239		2.542013E+01
0.721519			0.0402337			0.044917			0.0063604		0.6141268		2.594135E+01
0.746835			0.0306266			0.0475124			0.0043326		0.6407299		2.639501E+01
0.772152			0.0227335			0.0489345			0.00284915		0.6681862		2.685045E+01
0.797468			0.0177577			0.049403			0.00187802		0.6966616		2.730163E+01
0.822785			0.015913			0.0487252			0.00137384		0.7263732		2.775282E+01
0.848101			0.0161704			0.0468876			0.00108669		0.7576098		2.831908E+01
0.873418			0.0176368			0.043981			0.00091976		0.7907652		2.912530E+01
0.898734			0.0172103			0.0401417			0.00070492		0.8262837		2.994223E+01
0.924051			0.0144502			0.0354529			0.00042243		0.8643226		3.009406E+01
0.949367			0.0118404			0.0299019			0.00021283		0.9048685		2.960553E+01
0.974684			0.0101457			0.0234389			0.00012860		0.9485817		2.918779E+01
1				0.00938939			0.0158535			0.00019056		1			3.264795E+01
